(100137,1)
(100260,1)
(100269,1)
(100337,1)
(100481,1)
(100798,1)
(101266,1)
(103529,1)
(103653,1)
(104761,1)
(107016,1)
(107905,1)
(108614,1)
(110070,1)
(110191,1)
(111257,1)
(112081,1)
(112125,1)
(112413,1)
(112748,1)
(112927,1)
(113311,1)
(114084,1)
(114929,1)
(117239,1)
(118180,1)
(120002,1)
(122444,1)
(124087,1)
(124938,1)
(126875,1)
(127164,1)
(127490,1)
(129145,1)
(131085,1)
(131204,1)
(131337,1)
(131499,1)
(131665,1)
(132782,1)
(133006,1)
(133341,1)
(133491,1)
(133610,1)
(133671,1)
(135294,1)
(136151,1)
(136754,1)
(137794,1)
(140050,1)
(140394,1)
(141270,1)
(142372,1)
(142418,1)
(142974,1)
(143395,1)
(143756,1)
(145185,1)
(145749,1)
(146946,1)
(149247,1)
(150104,1)
(151656,1)
(153383,1)
(155450,1)
(155868,1)
(156207,1)
(156808,1)
(157588,1)
(157939,1)
(157971,1)
(158047,1)
(158326,1)
(159702,1)
(159917,1)
(159986,1)
(160910,1)
(163267,1)
(167614,1)
(167746,1)
(167879,1)
(172508,1)
(172657,1)
(173266,1)
(173735,1)
(173758,1)
(174029,1)
(175078,1)
(175248,1)
(175362,1)
(175499,1)
(175969,1)
(176061,1)
(176178,1)
(176418,1)
(176983,1)
(179542,1)
(180606,1)
(180788,1)
(183705,1)
(184718,1)
(187442,1)
(189385,1)
(189426,1)
(189736,1)
(189763,1)
(191800,1)
(192469,1)
(192956,1)
(193952,1)
(194258,1)
(194575,1)
(197532,1)
(198108,1)
(199489,1)
(205493,1)
(205968,1)
(206091,1)
(206598,1)
(208889,1)
(208928,1)
(209877,1)
(211715,1)
(211972,1)
(214248,1)
(214361,1)
(214886,1)
(215397,1)
(218438,1)
(219121,1)
(220127,1)
(220317,1)
(220384,1)
(221634,1)
(221723,1)
(224714,1)
(225455,1)
(225500,1)
(225526,1)
(225539,1)
(225560,1)
(226929,1)
(229899,1)
(229937,1)
(229993,1)
(230263,1)
(230578,1)
(231055,1)
(231167,1)
(231691,1)
(231865,1)
(233290,1)
(233300,1)
(234999,1)
(235121,1)
(235337,1)
(235340,1)
(235385,1)
(235404,1)
(237615,1)
(238547,1)
(241716,1)
(242059,1)
(243683,1)
(244731,1)
(248260,1)
(249133,1)
(249736,1)
(250533,1)
(252755,1)
(253038,1)
(254355,1)
(256225,1)
(257098,1)
(257099,1)
(258300,1)
(258523,1)
(258955,1)
(260781,1)
(260937,1)
(261934,1)
(263319,1)
(265291,1)
(265370,1)
(265704,1)
(265834,1)
(265887,1)
(266404,1)
(267383,1)
(268011,1)
(268415,1)
(269292,1)
(269465,1)
(271210,1)
(271514,1)
(272028,1)
(272326,1)
(275153,1)
(276121,1)
(277695,1)
(277716,1)
(279062,1)
(279783,1)
(280998,1)
(281923,1)
(282857,1)
(283102,1)
(283437,1)
(284762,1)
(285784,1)
(286102,1)
(287062,1)
(287111,1)
(287732,1)
(288149,1)
(288600,1)
(288767,1)
(290927,1)
(291065,1)
(293577,1)
(293698,1)
(294964,1)
(295238,1)
(295410,1)
(297046,1)
(298131,1)
(299289,1)
(300076,1)
(302262,1)
(302573,1)
(303060,1)
(303086,1)
(303382,1)
(304240,1)
(306022,1)
(309918,1)
(310953,1)
(310960,1)
(311436,1)
(311757,1)
(312053,1)
(312073,1)
(312101,1)
(312685,1)
(314928,1)
(316231,1)
(316302,1)
(317261,1)
(317847,1)
(318642,1)
(318772,1)
(319613,1)
(319774,1)
(321028,1)
(322386,1)
(322553,1)
(323460,1)
(324861,1)
(325332,1)
(329517,1)
(329662,1)
(330077,1)
(330170,1)
(330571,1)
(331320,1)
(331903,1)
(332673,1)
(333588,1)
(336694,1)
(337862,1)
(338264,1)
(338764,1)
(340181,1)
(340700,1)
(340762,1)
(340785,1)
(340952,1)
(343113,1)
(343153,1)
(343522,1)
(343535,1)
(344277,1)
(344496,1)
(345567,1)
(346092,1)
(346368,1)
(347677,1)
(348704,1)
(349075,1)
(349409,1)
(349896,1)
(351561,1)
(351709,1)
(351933,1)
(352203,1)
(352858,1)
(353666,1)
(354236,1)
(354278,1)
(356904,1)
(356906,1)
(357072,1)
(358513,1)
(358887,1)
(359655,1)
(361221,1)
(362483,1)
(362639,1)
(362792,1)
(364612,1)
(364616,1)
(364622,1)
(364911,1)
(365080,1)
(365294,1)
(365441,1)
(366284,1)
(368974,1)
(369279,1)
(370670,1)
(371456,1)
(372259,1)
(372323,1)
(372496,1)
(372637,1)
(373065,1)
(374076,1)
(374244,1)
(376088,1)
(376690,1)
(377559,1)
(378170,1)
(378334,1)
(378617,1)
(379334,1)
(382132,1)
(382369,1)
(382699,1)
(383597,1)
(385562,1)
(386060,1)
(386659,1)
(387491,1)
(387492,1)
(387524,1)
(387611,1)
(387646,1)
(387750,1)
(387763,1)
(388139,1)
(388526,1)
(388875,1)
(389281,1)
(393829,1)
(394131,1)
(394396,1)
(396976,1)
(398786,1)
(398936,1)
(399377,1)
(400131,1)
(401062,1)
(401397,1)
(402636,1)
(403259,1)
(404624,1)
(404932,1)
(404990,1)
(405005,1)
(405018,1)
(405177,1)
(406142,1)
(406999,1)
(407140,1)
(407962,1)
(409260,1)
(409499,1)
(411720,1)
(412070,1)
(415720,1)
(416654,1)
(417015,1)
(417624,1)
(417894,1)
(418308,1)
(418912,1)
(420590,1)
(420734,1)
(421037,1)
(421065,1)
(421240,1)
(421653,1)
(422002,1)
(422261,1)
(424464,1)
(424477,1)
(425975,1)
(426156,1)
(426750,1)
(427129,1)
(428008,1)
(428022,1)
(428085,1)
(428088,1)
(428090,1)
(428168,1)
(429454,1)
(430065,1)
(430067,1)
(430080,1)
(430096,1)
(430114,1)
(430166,1)
(430194,1)
(430574,1)
(431489,1)
(431499,1)
(431807,1)
(431940,1)
(432741,1)
(433017,1)
(433058,1)
(435096,1)
(435849,1)
(436056,1)
(436442,1)
(436633,1)
(437017,1)
(437160,1)
(441297,1)
(441320,1)
(441369,1)
(441372,1)
(441389,1)
(441399,1)
(441411,1)
(441456,1)
(441463,1)
(441493,1)
(441554,1)
(442085,1)
(443650,1)
(444058,1)
(444336,1)
(446548,1)
(446568,1)
(446623,1)
(447661,1)
(448646,1)
(449660,1)
(450517,1)
(450572,1)
(450601,1)
(451560,1)
(451717,1)
(452313,1)
(452661,1)
(453439,1)
(453961,1)
(454925,1)
(456199,1)
(456253,1)
(456697,1)
(456956,1)
(457740,1)
(458026,1)
(458064,1)
(459042,1)
(459321,1)
(459458,1)
(459657,1)
(460666,1)
(461510,1)
(461700,1)
(461710,1)
(461796,1)
(461898,1)
(461938,1)
(462104,1)
(462116,1)
(462252,1)
(463273,1)
(463435,1)
(463480,1)
(463700,1)
(464027,1)
(464822,1)
(465389,1)
(465528,1)
(466643,1)
(466691,1)
(466889,1)
(467096,1)
(467864,1)
(468543,1)
(468656,1)
(468757,1)
(469123,1)
(469985,1)
(470687,1)
(470739,1)
(471345,1)
(471393,1)
(471430,1)
(471868,1)
(471877,1)
(471976,1)
(472461,1)
(472967,1)
(472999,1)
(474712,1)
(475098,1)
(475571,1)
(475862,1)
(476945,1)
(477883,1)
(478929,1)
(480224,1)
(480523,1)
(480678,1)
(481684,1)
(483152,1)
(484147,1)
(484319,1)
(485112,1)
(488012,1)
(490106,1)
(490624,1)
(490670,1)
(491072,1)
(491448,1)
(491507,1)
(491557,1)
(491696,1)
(492455,1)
(493336,1)
(493419,1)
(493573,1)
(493796,1)
(493966,1)
(494024,1)
(494307,1)
(494864,1)
(494937,1)
(495072,1)
(496388,1)
(496611,1)
(497933,1)
(498807,1)
(498944,1)
(499033,1)
(499121,1)
(499412,1)
(499983,1)
(500720,1)
(501183,1)
(502077,1)
(502492,1)
(502744,1)
(503042,1)
(504783,1)
(504861,1)
(505220,1)
(505639,1)
(505988,1)
(506181,1)
(506308,1)
(507151,1)
(507177,1)
(507317,1)
(507606,1)
(507678,1)
(508403,1)
(508633,1)
(509012,1)
(509331,1)
(509792,1)
(510375,1)
(510737,1)
(511428,1)
(511573,1)
(511620,1)
(512202,1)
(513093,1)
(513098,1)
(513171,1)
(513881,1)
(514058,1)
(514413,1)
(514598,1)
(515219,1)
(515271,1)
(515293,1)
(515530,1)
(515676,1)
(515957,1)
(515971,1)
(515985,1)
(516024,1)
(516069,1)
(516096,1)
(516110,1)
(516756,1)
(517200,1)
(517657,1)
(519049,1)
(519646,1)
(519650,1)
(519698,1)
(519699,1)
(520267,1)
(520428,1)
(520464,1)
(520550,1)
(520604,1)
(520654,1)
(520693,1)
(520729,1)
(520734,1)
(520759,1)
(520777,1)
(521169,1)
(522273,1)
(522289,1)
(522328,1)
(522353,1)
(522419,1)
(524653,1)
(524748,1)
(524778,1)
(524808,1)
(526222,1)
(526312,1)
(526326,1)
(526375,1)
(526532,1)
(527874,1)
(527956,1)
(527968,1)
(527975,1)
(527985,1)
(528007,1)
(528593,1)
(529066,1)
(529228,1)
(529918,1)
(530075,1)
(530619,1)
(531420,1)
(531753,1)
(531776,1)
(532282,1)
(532607,1)
(532897,1)
(533506,1)
(533893,1)
(534022,1)
(535171,1)
(535240,1)
(536144,1)
(536237,1)
(536451,1)
(536477,1)
(536492,1)
(536810,1)
(536883,1)
(537319,1)
(538637,1)
(538938,1)
(539162,1)
(539799,1)
(540486,1)
(540652,1)
(540920,1)
(540986,1)
(541202,1)
(541224,1)
(541459,1)
(542198,1)
(542280,1)
(542657,1)
(543319,1)
(543834,1)
(544083,1)
(544276,1)
(544479,1)
(545012,1)
(545044,1)
(545485,1)
(546036,1)
(546535,1)
(547586,1)
(547838,1)
(548429,1)
(548909,1)
(548917,1)
(548934,1)
(548942,1)
(548957,1)
(549649,1)
(549664,1)
(549765,1)
(549866,1)
(550009,1)
(550198,1)
(550905,1)
(550906,1)
(550948,1)
(550949,1)
(550950,1)
(551682,1)
(552397,1)
(552409,1)
(552421,1)
(552511,1)
(552531,1)
(552583,1)
(552672,1)
(552675,1)
(552731,1)
(553403,1)
(553513,1)
(553517,1)
(553607,1)
(553717,1)
(554073,1)
(554507,1)
(554604,1)
(554606,1)
(554655,1)
(554793,1)
(555565,1)
(555749,1)
(555865,1)
(556005,1)
(556014,1)
(556455,1)
(556611,1)
(556796,1)
(556837,1)
(556841,1)
(556897,1)
(556944,1)
(556994,1)
(557220,1)
(557484,1)
(557803,1)
(557821,1)
(557926,1)
(557954,1)
(557976,1)
(557979,1)
(557980,1)
(558017,1)
(558687,1)
(558691,1)
(558718,1)
(558784,1)
(558815,1)
(558822,1)
(558829,1)
(558908,1)
(558964,1)
(558976,1)
(559088,1)
(559522,1)
(559690,1)
(559733,1)
(559768,1)
(559826,1)
(559957,1)
(560301,1)
(560309,1)
(560323,1)
(560327,1)
(560438,1)
(560466,1)
(560723,1)
(560942,1)
(561005,1)
(561043,1)
(561053,1)
(561079,1)
(561086,1)
(561122,1)
(561486,1)
(561641,1)
(562423,1)
(562448,1)
(562543,1)
(562556,1)
(562562,1)
(562573,1)
(562574,1)
(562600,1)
(562613,1)
(562882,1)
(562904,1)
(562929,1)
(562936,1)
(562991,1)
(563008,1)
(563022,1)
(563039,1)
(563116,1)
(563326,1)
(563366,1)
(563507,1)
(563514,1)
(564544,1)
(564639,1)
(564845,1)
(565142,1)
(565144,1)
(565423,1)
(567090,1)
(567113,1)
(567165,1)
(567244,1)
(567355,1)
(567365,1)
(567389,1)
(567443,1)
(567450,1)
(567505,1)
(567549,1)
(568489,1)
(569295,1)
(569318,1)
(569377,1)
(569607,1)
(569731,1)
(569769,1)
(570086,1)
(570178,1)
(570408,1)
(570417,1)
(570431,1)
(571331,1)
(571368,1)
(572076,1)
(572214,1)
(572220,1)
(572238,1)
(572260,1)
(572325,1)
(572419,1)
(572425,1)
(572435,1)
(572454,1)
(572485,1)
(572527,1)
(572533,1)
(572691,1)
(572721,1)
(573219,1)
(573319,1)
(573368,1)
(573384,1)
(573391,1)
(573406,1)
(573423,1)
(573462,1)
(573470,1)
(574645,1)
(575456,1)
(575479,1)
(575662,1)
(576049,1)
(576364,1)
(576379,1)
(576383,1)
(576418,1)
(576482,1)
(576489,1)
(576509,1)
(576594,1)
(577155,1)
(577245,1)
(577316,1)
(577322,1)
(577332,1)
(577334,1)
(577336,1)
(577590,1)
(577858,1)
(578650,1)
(579133,1)
(579456,1)
(579490,1)
(579774,1)
(579842,1)
(579997,1)
(581318,1)
(581502,1)
(582017,1)
(582557,1)
(583318,1)
(583811,1)
(584192,1)
(584219,1)
(584236,1)
(584297,1)
(584437,1)
(584695,1)
(584934,1)
(586204,1)
(586318,1)
(586452,1)
(586470,1)
(586487,1)
(586592,1)
(586733,1)
(586851,1)
(586880,1)
(587249,1)
(587388,1)
(588173,1)
(588220,1)
(588271,1)
(588336,1)
(588368,1)
(588638,1)
(588695,1)
(588742,1)
(588757,1)
(588762,1)
(589080,1)
(589134,1)
(589159,1)
(589504,1)
(589607,1)
(591039,1)
(591594,1)
(592273,1)
(593040,1)
(593262,1)
(593699,1)
(594082,1)
(594132,1)
(594200,1)
(594339,1)
(594401,1)
(594696,1)
(594797,1)
(595692,1)
(595696,1)
(595699,1)
(595701,1)
(595725,1)
(595740,1)
(595747,1)
(596301,1)
(596691,1)
(596930,1)
(597571,1)
(597998,1)
(598054,1)
(598354,1)
(599143,1)
(599286,1)
(599767,1)
(599802,1)
(599905,1)
(599952,1)
(600022,1)
(600123,1)
(600222,1)
(600308,1)
(600546,1)
(600770,1)
(601020,1)
(601528,1)
(601780,1)
(601927,1)
(602126,1)
(602600,1)
(602637,1)
(602719,1)
(603479,1)
(603545,1)
(604362,1)
(605623,1)
(605672,1)
(605687,1)
(605716,1)
(606004,1)
(607053,1)
(607100,1)
(608014,1)
(608577,1)
(608623,1)
(608760,1)
(608962,1)
(611359,1)
(611666,1)
(612515,1)
(612657,1)
(612658,1)
(613152,1)
(613634,1)
(613748,1)
(613790,1)
(613891,1)
(614046,1)
(614547,1)
(615361,1)
(615465,1)
(616041,1)
(616998,1)
(617028,1)
(617102,1)
(618225,1)
(618689,1)
(618846,1)
(618895,1)
(618905,1)
(619081,1)
(619411,1)
(619513,1)
(619787,1)
(620179,1)
(620534,1)
(620603,1)
(621050,1)
(621097,1)
(621382,1)
(621444,1)
(621623,1)
(621735,1)
(622074,1)
(622104,1)
(622492,1)
(622503,1)
(622638,1)
(622755,1)
(623203,1)
(623367,1)
(624092,1)
(624125,1)
(624176,1)
(624185,1)
(624213,1)
(624217,1)
(624223,1)
(624447,1)
(624512,1)
(624647,1)
(624905,1)
(624922,1)
(625068,1)
(625177,1)
(625301,1)
(625459,1)
(625462,1)
(625588,1)
(625638,1)
(626146,1)
(626361,1)
(626406,1)
(626416,1)
(626589,1)
(626644,1)
(626836,1)
(626918,1)
(626944,1)
(626955,1)
(626972,1)
(626986,1)
(627187,1)
(627557,1)
(627961,1)
(628016,1)
(628560,1)
(628623,1)
(628813,1)
(629574,1)
(629621,1)
(629725,1)
(629882,1)
(630101,1)
(630111,1)
(630525,1)
(630683,1)
(630944,1)
(631206,1)
(631498,1)
(631794,1)
(631840,1)
(631911,1)
(632290,1)
(632772,1)
(633220,1)
(634308,1)
(635330,1)
(636065,1)
(636085,1)
(636305,1)
(636334,1)
(636410,1)
(636485,1)
(636722,1)
(637070,1)
(638372,1)
(638409,1)
(638564,1)
(638671,1)
(638765,1)
(638798,1)
(639313,1)
(639379,1)
(639440,1)
(639589,1)
(639806,1)
(639997,1)
(640311,1)
(640322,1)
(640848,1)
(640892,1)
(640903,1)
(640917,1)
(641379,1)
(641533,1)
(641540,1)
(641578,1)
(641599,1)
(641602,1)
(641856,1)
(641869,1)
(642011,1)
(642089,1)
(642406,1)
(642764,1)
(642943,1)
(643120,1)
(643213,1)
(643400,1)
(643934,1)
(644418,1)
(644658,1)
(644671,1)
(644696,1)
(644805,1)
(644935,1)
(644995,1)
(645014,1)
(645046,1)
(645054,1)
(645063,1)
(645080,1)
(645106,1)
(645107,1)
(645113,1)
(645115,1)
(645122,1)
(645126,1)
(645147,1)
(645155,1)
(645166,1)
(645167,1)
(645198,1)
(645217,1)
(645238,1)
(645269,1)
(645275,1)
(645304,1)
(645347,1)
(645349,1)
(645375,1)
(645378,1)
(645385,1)
(645451,1)
(645464,1)
(645536,1)
(645551,1)
(645559,1)
(645670,1)
(645969,1)
(646005,1)
(646026,1)
(646038,1)
(646139,1)
(646185,1)
(646387,1)
(646592,1)
(646904,1)
(647215,1)
(647225,1)
(647245,1)
(647356,1)
(647507,1)
(647692,1)
(647944,1)
(649321,1)
(649625,1)
(649731,1)
(649801,1)
(649945,1)
(650328,1)
(650985,1)
(651131,1)
(651497,1)
(651568,1)
(651589,1)
(651711,1)
(651801,1)
(651828,1)
(651895,1)
(652218,1)
(652363,1)
(652624,1)
(652730,1)
(652942,1)
(653402,1)
(653808,1)
(653955,1)
(653989,1)
(654191,1)
(654899,1)
(655175,1)
(655550,1)
(655652,1)
(655706,1)
(655717,1)
(655775,1)
(655889,1)
(656631,1)
(656696,1)
(656757,1)
(657079,1)
(657317,1)
(657487,1)
(657519,1)
(657792,1)
(658221,1)
(658251,1)
(658406,1)
(658421,1)
(658726,1)
(659260,1)
(659266,1)
(660054,1)
(660059,1)
(660714,1)
(660954,1)
(661017,1)
(661324,1)
(661848,1)
(661927,1)
(661989,1)
(662040,1)
(662126,1)
(662168,1)
(662183,1)
(662187,1)
(662203,1)
(662251,1)
(662295,1)
(662303,1)
(662317,1)
(662407,1)
(662422,1)
(662474,1)
(662632,1)
(662960,1)
(663520,1)
(663723,1)
(663764,1)
(663841,1)
(663887,1)
(664019,1)
(664036,1)
(664045,1)
(664107,1)
(664120,1)
(664154,1)
(664176,1)
(664178,1)
(664193,1)
(664253,1)
(664358,1)
(664378,1)
(664733,1)
(664753,1)
(664928,1)
(665006,1)
(665213,1)
(665254,1)
(665303,1)
(665373,1)
(665460,1)
(665552,1)
(665576,1)
(665601,1)
(665695,1)
(665716,1)
(665737,1)
(665765,1)
(665784,1)
(665807,1)
(665826,1)
(665827,1)
(665838,1)
(665854,1)
(665875,1)
(665885,1)
(665886,1)
(665889,1)
(665904,1)
(665912,1)
(665932,1)
(665939,1)
(665944,1)
(666069,1)
(666654,1)
(667033,1)
(667151,1)
(667369,1)
(667406,1)
(667548,1)
(667806,1)
(668452,1)
(668597,1)
(668885,1)
(669129,1)
(669787,1)
(669908,1)
(670287,1)
(670442,1)
(670466,1)
(670654,1)
(670984,1)
(672382,1)
(672545,1)
(672563,1)
(673118,1)
(673498,1)
(673616,1)
(674136,1)
(674753,1)
(674990,1)
(675393,1)
(675599,1)
(675802,1)
(676149,1)
(676443,1)
(676608,1)
(676825,1)
(676979,1)
(678174,1)
(678377,1)
(678551,1)
(679458,1)
(680025,1)
(680253,1)
(680401,1)
(680411,1)
(680466,1)
(681031,1)
(681085,1)
(682161,1)
(682273,1)
(682531,1)
(682730,1)
(682872,1)
(682877,1)
(682884,1)
(682887,1)
(682914,1)
(682916,1)
(682945,1)
(682968,1)
(682976,1)
(683069,1)
(683656,1)
(683679,1)
(683822,1)
(683863,1)
(684037,1)
(684751,1)
(684792,1)
(685345,1)
(685494,1)
(685526,1)
(686266,1)
(686463,1)
(686554,1)
(686777,1)
(686852,1)
(687089,1)
(687159,1)
(687164,1)
(687266,1)
(687359,1)
(687441,1)
(687468,1)
(687472,1)
(687507,1)
(687512,1)
(687526,1)
(687580,1)
(687598,1)
(687853,1)
(688279,1)
(688280,1)
(688996,1)
(689266,1)
(689538,1)
(689585,1)
(689601,1)
(689662,1)
(689895,1)
(689948,1)
(689969,1)
(690000,1)
(690004,1)
(690145,1)
(690304,1)
(690369,1)
(690378,1)
(690494,1)
(691294,1)
(691423,1)
(691628,1)
(691672,1)
(691730,1)
(692200,1)
(692214,1)
(692219,1)
(692306,1)
(692363,1)
(692457,1)
(692473,1)
(692475,1)
(692481,1)
(692521,1)
(692530,1)
(692657,1)
(692704,1)
(692794,1)
(692827,1)
(693057,1)
(693216,1)
(693217,1)
(693330,1)
(693635,1)
(693781,1)
(693953,1)
(694110,1)
(694132,1)
(694137,1)
(694238,1)
(694256,1)
(694365,1)
(694398,1)
(694426,1)
(694589,1)
(694627,1)
(694649,1)
(694655,1)
(694659,1)
(694688,1)
(694696,1)
(695387,1)
(695747,1)
(696020,1)
(696083,1)
(696217,1)
(696419,1)
(696993,1)
(697103,1)
(697169,1)
(698511,1)
(698557,1)
(698689,1)
(698696,1)
(698823,1)
(698841,1)
(698849,1)
(698886,1)
(698890,1)
(698927,1)
(698998,1)
(698999,1)
(699036,1)
(699048,1)
(699107,1)
(699134,1)
(699158,1)
(699161,1)
(699170,1)
(699171,1)
(699195,1)
(699196,1)
(699198,1)
(699200,1)
(699215,1)
(699218,1)
(699310,1)
(699531,1)
(699540,1)
(699604,1)
(701334,1)
(701583,1)
(701886,1)
(702772,1)
(702914,1)
(703278,1)
(703415,1)
(703718,1)
(703840,1)
(703855,1)
(703860,1)
(704053,1)
(704241,1)
(704245,1)
(704343,1)
(704353,1)
(704356,1)
(704643,1)
(704735,1)
(704739,1)
(704781,1)
(705136,1)
(705158,1)
(705502,1)
(706174,1)
(706309,1)
(706371,1)
(706521,1)
(706570,1)
(706754,1)
(706785,1)
(706918,1)
(707391,1)
(707463,1)
(707710,1)
(707908,1)
(708712,1)
(708904,1)
(709036,1)
(709345,1)
(709499,1)
(709527,1)
(709555,1)
(709657,1)
(709738,1)
(709782,1)
(709795,1)
(709844,1)
(709897,1)
(709905,1)
(710085,1)
(710095,1)
(710168,1)
(710285,1)
(710341,1)
(710776,1)
(711560,1)
(711805,1)
(711806,1)
(711987,1)
(712068,1)
(712933,1)
(713140,1)
(713143,1)
(713144,1)
(713164,1)
(713165,1)
(713166,1)
(713168,1)
(713169,1)
(713170,1)
(713171,1)
(713172,1)
(713173,1)
(713174,1)
(713175,1)
(713176,1)
(713177,1)
(713178,1)
(713179,1)
(713193,1)
(713194,1)
(713197,1)
(713202,1)
(713203,1)
(713206,1)
(713211,1)
(713214,1)
(713215,1)
(713217,1)
(713219,1)
(713220,1)
(713221,1)
(713222,1)
(713223,1)
(713224,1)
(713225,1)
(713226,1)
(713227,1)
(713228,1)
(713229,1)
(713230,1)
(713231,1)
(713232,1)
(713233,1)
(713234,1)
(713236,1)
(713237,1)
(713238,1)
(713239,1)
(713240,1)
(713242,1)
(713243,1)
(713244,1)
(713245,1)
(713246,1)
(713247,1)
(713248,1)
(713249,1)
(713250,1)
(713251,1)
(713252,1)
(713253,1)
(713254,1)
(713255,1)
(713256,1)
(713257,1)
(713258,1)
(713259,1)
(713260,1)
(713261,1)
(713262,1)
(713263,1)
(713264,1)
(713265,1)
(713266,1)
(713268,1)
(713269,1)
(713270,1)
(713271,1)
(713272,1)
(713273,1)
(713274,1)
(713275,1)
(713276,1)
(713277,1)
(713278,1)
(713279,1)
(713280,1)
(713281,1)
(713282,1)
(713283,1)
(713285,1)
(713286,1)
(713287,1)
(713290,1)
(713291,1)
(713292,1)
(713293,1)
(713294,1)
(713295,1)
(713296,1)
(713297,1)
(713298,1)
(713299,1)
(713301,1)
(713302,1)
(713303,1)
(713304,1)
(713305,1)
(713306,1)
(713307,1)
(713308,1)
(713309,1)
(713310,1)
(713314,1)
(713315,1)
(713317,1)
(713318,1)
(713319,1)
(713321,1)
(713322,1)
(713323,1)
(713324,1)
(713325,1)
(713326,1)
(713327,1)
(713328,1)
(713329,1)
(713368,1)
(713561,1)
(713652,1)
(714108,1)
(714461,1)
(714483,1)
(714506,1)
(714630,1)
(714651,1)
(714671,1)
(714771,1)
(714928,1)
(715141,1)
(715241,1)
(715432,1)
(715457,1)
(715470,1)
(715644,1)
(715693,1)
(716193,1)
(716216,1)
(716480,1)
(716572,1)
(716703,1)
(716735,1)
(716777,1)
(716814,1)
(716836,1)
(716922,1)
(716968,1)
(717000,1)
(717005,1)
(717006,1)
(717058,1)
(717148,1)
(718081,1)
(718201,1)
(718812,1)
(718892,1)
(718972,1)
(719326,1)
(719615,1)
(719664,1)
(719895,1)
(719918,1)
(719983,1)
(720013,1)
(720461,1)
(721056,1)
(721483,1)
(721561,1)
(721665,1)
(721705,1)
(723114,1)
(723510,1)
(723537,1)
(723577,1)
(723727,1)
(723841,1)
(723965,1)
(724073,1)
(724083,1)
(724085,1)
(724121,1)
(724392,1)
(724447,1)
(724454,1)
(724479,1)
(724489,1)
(724501,1)
(724522,1)
(724526,1)
(724553,1)
(724563,1)
(724597,1)
(724603,1)
(724632,1)
(724644,1)
(724650,1)
(724674,1)
(724706,1)
(724716,1)
(724839,1)
(724869,1)
(724879,1)
(724899,1)
(724984,1)
(725047,1)
(725080,1)
(725081,1)
(725084,1)
(725133,1)
(725137,1)
(725141,1)
(725158,1)
(725177,1)
(725178,1)
(725179,1)
(725183,1)
(725188,1)
(725230,1)
(725231,1)
(725232,1)
(725233,1)
(725234,1)
(725235,1)
(725236,1)
(725237,1)
(725238,1)
(725239,1)
(725240,1)
(725241,1)
(725242,1)
(725243,1)
(725244,1)
(725246,1)
(725247,1)
(725248,1)
(725249,1)
(725250,1)
(725251,1)
(725252,1)
(725253,1)
(725254,1)
(725255,1)
(725256,1)
(725257,1)
(725260,1)
(725261,1)
(725262,1)
(725263,1)
(725267,1)
(725268,1)
(725269,1)
(725270,1)
(725271,1)
(725272,1)
(725273,1)
(725274,1)
(725275,1)
(725276,1)
(725277,1)
(725278,1)
(725279,1)
(725281,1)
(725282,1)
(725283,1)
(725293,1)
(725298,1)
(725299,1)
(725300,1)
(725301,1)
(725304,1)
(725306,1)
(725309,1)
(725311,1)
(725312,1)
(725327,1)
(725337,1)
(725338,1)
(725339,1)
(725340,1)
(725341,1)
(725343,1)
(725345,1)
(725346,1)
(725358,1)
(725360,1)
(725362,1)
(725364,1)
(725365,1)
(725366,1)
(725367,1)
(725368,1)
(725369,1)
(725370,1)
(725371,1)
(725372,1)
(725373,1)
(725374,1)
(725375,1)
(725376,1)
(725377,1)
(725378,1)
(725379,1)
(725380,1)
(725381,1)
(725382,1)
(725383,1)
(725384,1)
(725385,1)
(725386,1)
(725387,1)
(725394,1)
(725395,1)
(725396,1)
(725397,1)
(725398,1)
(725399,1)
(725400,1)
(725401,1)
(725402,1)
(725403,1)
(725404,1)
(725409,1)
(725641,1)
(725889,1)
(726056,1)
(726091,1)
(726215,1)
(726284,1)
(726298,1)
(726937,1)
(726949,1)
(726952,1)
(726956,1)
(726963,1)
(726970,1)
(726972,1)
(726986,1)
(726990,1)
(727000,1)
(727012,1)
(727028,1)
(727031,1)
(727051,1)
(727064,1)
(727097,1)
(727107,1)
(727120,1)
(727126,1)
(727127,1)
(727128,1)
(727184,1)
(727189,1)
(727204,1)
(727206,1)
(727210,1)
(727225,1)
(727230,1)
(727232,1)
(727262,1)
(727272,1)
(727282,1)
(727304,1)
(727310,1)
(727322,1)
(727324,1)
(727819,1)
(727923,1)
(728229,1)
(728296,1)
(728408,1)
(728464,1)
(728713,1)
(728846,1)
(729175,1)
(729202,1)
(729311,1)
(729370,1)
(729376,1)
(729479,1)
(729561,1)
(729665,1)
(729703,1)
(729709,1)
(729772,1)
(729857,1)
(729909,1)
(730060,1)
(730228,1)
(730350,1)
(730889,1)
(730986,1)
(730995,1)
(731095,1)
(731145,1)
(731229,1)
(731360,1)
(731361,1)
(731386,1)
(731389,1)
(731434,1)
(731501,1)
(731656,1)
(731717,1)
(731734,1)
(731910,1)
(731913,1)
(731916,1)
(731947,1)
(731992,1)
(731999,1)
(732010,1)
(732012,1)
(732051,1)
(732082,1)
(732110,1)
(732122,1)
(732123,1)
(732167,1)
(732172,1)
(732200,1)
(732250,1)
(732275,1)
(732342,1)
(732350,1)
(732360,1)
(732391,1)
(732409,1)
(732417,1)
(732431,1)
(732441,1)
(732680,1)
(732816,1)
(733034,1)
(733114,1)
(733579,1)
(733639,1)
(734025,1)
(734158,1)
(734166,1)
(734442,1)
(734448,1)
(734582,1)
(734847,1)
(734988,1)
(735028,1)
(735033,1)
(735301,1)
(735404,1)
(735618,1)
(735689,1)
(735848,1)
(735905,1)
(736040,1)
(736167,1)
(736268,1)
(736436,1)
(736760,1)
(736826,1)
(737080,1)
(737180,1)
(737359,1)
(737415,1)
(737628,1)
(737654,1)
(737741,1)
(737810,1)
(738299,1)
(738479,1)
(738527,1)
(738703,1)
(738966,1)
(739707,1)
(739974,1)
(740100,1)
(740145,1)
(740410,1)
(740907,1)
(741025,1)
(741192,1)
(741272,1)
(741365,1)
(741465,1)
(741486,1)
(741498,1)
(741499,1)
(741504,1)
(741521,1)
(741528,1)
(741536,1)
(741556,1)
(741614,1)
(741661,1)
(741681,1)
(741909,1)
(741981,1)
(741984,1)
(741994,1)
(742062,1)
(742143,1)
(742173,1)
(742373,1)
(742423,1)
(742599,1)
(742637,1)
(742764,1)
(742958,1)
(743280,1)
(743322,1)
(743363,1)
(743469,1)
(743511,1)
(743869,1)
(743876,1)
(743878,1)
(743882,1)
(743935,1)
(744227,1)
(744326,1)
(744449,1)
(744774,1)
(744838,1)
(744851,1)
(744865,1)
(744976,1)
(745065,1)
(745183,1)
(745611,1)
(745815,1)
(745850,1)
(746824,1)
(746890,1)
(747147,1)
(747709,1)
(749206,1)
(750115,1)
(750335,1)
(751362,1)
(752839,1)
(753054,1)
(753055,1)
(753154,1)
(753418,1)
(753420,1)
(753432,1)
(753437,1)
(753441,1)
(753443,1)
(753444,1)
(753445,1)
(753446,1)
(753458,1)
(753459,1)
(753460,1)
(753461,1)
(753462,1)
(753463,1)
(753464,1)
(753465,1)
(753466,1)
(753467,1)
(753468,1)
(753469,1)
(753470,1)
(753471,1)
(753472,1)
(753481,1)
(753482,1)
(753483,1)
(753484,1)
(753485,1)
(753488,1)
(753489,1)
(753492,1)
(753497,1)
(753498,1)
(753501,1)
(753503,1)
(753504,1)
(753743,1)
(754143,1)
(754270,1)
(754272,1)
(754273,1)
(754307,1)
(754309,1)
(754316,1)
(754318,1)
(754522,1)
(754660,1)
(754875,1)
(754887,1)
(754927,1)
(755157,1)
(755192,1)
(755360,1)
(755398,1)
(755717,1)
(755759,1)
(755932,1)
(755990,1)
(756090,1)
(756317,1)
(756681,1)
(757105,1)
(757307,1)
(757534,1)
(757617,1)
(758027,1)
(758083,1)
(758092,1)
(758224,1)
(758241,1)
(758243,1)
(758263,1)
(758274,1)
(758278,1)
(758361,1)
(758379,1)
(758476,1)
(758769,1)
(758819,1)
(759501,1)
(759580,1)
(759626,1)
(759698,1)
(759737,1)
(759978,1)
(760037,1)
(760113,1)
(760205,1)
(760209,1)
(760265,1)
(760286,1)
(760486,1)
(760551,1)
(760578,1)
(760586,1)
(760627,1)
(760646,1)
(760711,1)
(760760,1)
(760791,1)
(760801,1)
(760854,1)
(760924,1)
(760925,1)
(760929,1)
(760956,1)
(760957,1)
(760960,1)
(761567,1)
(761794,1)
(761795,1)
(761823,1)
(761913,1)
(761974,1)
(762147,1)
(762267,1)
(762290,1)
(762336,1)
(762359,1)
(762371,1)
(762385,1)
(762386,1)
(762399,1)
(762419,1)
(762466,1)
(762470,1)
(762474,1)
(762482,1)
(762612,1)
(762734,1)
(762735,1)
(762768,1)
(762771,1)
(762776,1)
(762784,1)
(762787,1)
(762839,1)
(762850,1)
(762997,1)
(763026,1)
(763058,1)
(763088,1)
(763146,1)
(763324,1)
(763411,1)
(763482,1)
(763886,1)
(763893,1)
(763985,1)
(764200,1)
(764242,1)
(764662,1)
(765044,1)
(765170,1)
(765236,1)
(765331,1)
(765432,1)
(766050,1)
(766110,1)
(766271,1)
(766358,1)
(766420,1)
(767152,1)
(767561,1)
(767715,1)
(767723,1)
(767826,1)
(767860,1)
(767959,1)
(767964,1)
(768106,1)
(768251,1)
(768581,1)
(768772,1)
(769385,1)
(769675,1)
(770126,1)
(770193,1)
(770409,1)
(770977,1)
(771801,1)
(772435,1)
(772473,1)
(773575,1)
(773630,1)
(773774,1)
(773788,1)
(773793,1)
(773903,1)
(773915,1)
(773921,1)
(773928,1)
(773930,1)
(773961,1)
(773992,1)
(774002,1)
(774404,1)
(774751,1)
(774927,1)
(775132,1)
(775479,1)
(776201,1)
(776325,1)
(776334,1)
(776496,1)
(776758,1)
(777033,1)
(777229,1)
(777473,1)
(777497,1)
(778176,1)
(778447,1)
(778749,1)
(778852,1)
(779584,1)
(779664,1)
(779979,1)
(780872,1)
(780996,1)
(781243,1)
(781244,1)
(781301,1)
(781825,1)
(782150,1)
(782261,1)
(782359,1)
(782431,1)
(782857,1)
(783463,1)
(783875,1)
(783981,1)
(784326,1)
(784685,1)
(786025,1)
(786035,1)
(786313,1)
(786644,1)
(786879,1)
(787003,1)
(787132,1)
(787511,1)
(788390,1)
(788396,1)
(788459,1)
(788683,1)
(788952,1)
(789029,1)
(789134,1)
(789194,1)
(789196,1)
(789220,1)
(789616,1)
(789688,1)
(789890,1)
(790146,1)
(790189,1)
(790239,1)
(790522,1)
(790807,1)
(790923,1)
(791068,1)
(791072,1)
(791116,1)
(791280,1)
(791341,1)
(791472,1)
(791724,1)
(791730,1)
(791827,1)
(792088,1)
(792369,1)
(792473,1)
(793310,1)
(793691,1)
(793772,1)
(794447,1)
(794472,1)
(794490,1)
(794555,1)
(794823,1)
(794848,1)
(795040,1)
(795127,1)
(795261,1)
(795386,1)
(795437,1)
(795474,1)
(795496,1)
(795759,1)
(796014,1)
(796380,1)
(796497,1)
(797748,1)
(798019,1)
(798225,1)
(798328,1)
(798814,1)
(798860,1)
(799091,1)
(799129,1)
(799230,1)
(799408,1)
(799654,1)
(800050,1)
(800466,1)
(800475,1)
(800560,1)
(800789,1)
(801073,1)
(801582,1)
(802510,1)
(802656,1)
(802876,1)
(803292,1)
(803407,1)
(803741,1)
(804210,1)
(804423,1)
(804684,1)
(806907,1)
(807963,1)
(808108,1)
(808499,1)
(809847,1)
(810025,1)
(810276,1)
(810280,1)
(810519,1)
(810627,1)
(810719,1)
(811057,1)
(811595,1)
(812148,1)
(812286,1)
(812350,1)
(813070,1)
(813604,1)
(813642,1)
(813663,1)
(813893,1)
(813911,1)
(814279,1)
(815015,1)
(815149,1)
(815521,1)
(815535,1)
(817027,1)
(817219,1)
(817372,1)
(817600,1)
(817708,1)
(817812,1)
(818063,1)
(818987,1)
(819156,1)
(819207,1)
(819680,1)
(819965,1)
(819995,1)
(820025,1)
(820109,1)
(820570,1)
(820994,1)
(821354,1)
(821659,1)
(821719,1)
(821757,1)
(821945,1)
(822122,1)
(822287,1)
(822298,1)
(822395,1)
(822542,1)
(822572,1)
(822692,1)
(822915,1)
(823094,1)
(823103,1)
(823116,1)
(823135,1)
(823152,1)
(823158,1)
(823179,1)
(823288,1)
(823330,1)
(823399,1)
(823422,1)
(823471,1)
(823488,1)
(823537,1)
(823619,1)
(823650,1)
(823692,1)
(823784,1)
(823858,1)
(824005,1)
(824011,1)
(824026,1)
(824040,1)
(824052,1)
(824062,1)
(824070,1)
(824105,1)
(824180,1)
(824192,1)
(824268,1)
(824521,1)
(824534,1)
(824599,1)
(824701,1)
(825094,1)
(825213,1)
(825461,1)
(825462,1)
(825827,1)
(826237,1)
(826697,1)
(827491,1)
(827615,1)
(827696,1)
(827735,1)
(827824,1)
(827989,1)
(828384,1)
(828497,1)
(828546,1)
(828688,1)
(828785,1)
(828878,1)
(828945,1)
(829774,1)
(829830,1)
(829949,1)
(830277,1)
(830697,1)
(830893,1)
(830948,1)
(831193,1)
(831247,1)
(831434,1)
(831846,1)
(832453,1)
(833122,1)
(833139,1)
(833346,1)
(833601,1)
(834132,1)
(834284,1)
(834539,1)
(834582,1)
(834666,1)
(834927,1)
(835623,1)
(835791,1)
(835878,1)
(837052,1)
(837390,1)
(837457,1)
(837586,1)
(837643,1)
(837728,1)
(837776,1)
(837821,1)
(838389,1)
(838519,1)
(838538,1)
(838543,1)
(839114,1)
(841660,1)
(842644,1)
(842706,1)
(843624,1)
(843788,1)
(844187,1)
(844835,1)
(846166,1)
(846285,1)
(847292,1)
(849491,1)
(849666,1)
(849710,1)
(849795,1)
(849963,1)
(850058,1)
(850803,1)
(850923,1)
(851237,1)
(851288,1)
(851405,1)
(851441,1)
(852249,1)
(852254,1)
(852501,1)
(853399,1)
(853581,1)
(853694,1)
(853772,1)
(853826,1)
(854043,1)
(854350,1)
(854929,1)
(855151,1)
(856591,1)
(857016,1)
(857174,1)
(857360,1)
(859137,1)
(859139,1)
(859175,1)
(859208,1)
(859217,1)
(859248,1)
(859251,1)
(859257,1)
(859283,1)
(859284,1)
(859299,1)
(859314,1)
(859413,1)
(859511,1)
(859531,1)
(859533,1)
(859543,1)
(859544,1)
(859545,1)
(859553,1)
(859558,1)
(859602,1)
(859829,1)
(859880,1)
(860202,1)
(860633,1)
(860863,1)
(860910,1)
(861368,1)
(861503,1)
(861821,1)
(861875,1)
(862045,1)
(862829,1)
(863290,1)
(863644,1)
(863712,1)
(863738,1)
(864254,1)
(864731,1)
(864934,1)
(865227,1)
(865318,1)
(865345,1)
(865622,1)
(865711,1)
(865793,1)
(865945,1)
(866442,1)
(866860,1)
(867028,1)
(867114,1)
(867141,1)
(867152,1)
(867175,1)
(867199,1)
(867242,1)
(867306,1)
(867344,1)
(867355,1)
(867356,1)
(867386,1)
(867451,1)
(867452,1)
(867483,1)
(867488,1)
(867536,1)
(867537,1)
(867543,1)
(867559,1)
(867575,1)
(867608,1)
(867610,1)
(867623,1)
(868234,1)
(870062,1)
(870591,1)
(870756,1)
(871200,1)
(871281,1)
(873607,1)
(873750,1)
(874307,1)
(874827,1)
(875014,1)
(875207,1)
(875246,1)
(875506,1)
(875612,1)
(876891,1)
(876958,1)
(878001,1)
(878336,1)
(878427,1)
(879013,1)
(879237,1)
(879238,1)
(879349,1)
(879376,1)
(879388,1)
(879449,1)
(879611,1)
(879628,1)
(879841,1)
(879842,1)
(879953,1)
(879962,1)
(879972,1)
(880134,1)
(881064,1)
(881843,1)
(884203,1)
(886567,1)
(886885,1)
(888386,1)
(888448,1)
(889294,1)
(889408,1)
(890400,1)
(890504,1)
(892606,1)
(894062,1)
(896231,1)
(897045,1)
(900546,1)
(900698,1)
(900815,1)
(901244,1)
(902506,1)
(903553,1)
(907115,1)
(908591,1)
(909186,1)
(909972,1)
(910228,1)
(911871,1)
(912986,1)
(913707,1)
(914379,1)
(915144,1)
(915373,1)
(915665,1)
(917576,1)
(918317,1)
(918530,1)
(919726,1)
(919804,1)
(920502,1)
(922070,1)
(922074,1)
(922178,1)
(922416,1)
(922446,1)
(924182,1)
(924642,1)
(925658,1)
(925715,1)
(926768,1)
(927000,1)
(927476,1)
(927900,1)
(928185,1)
(930749,1)
(930953,1)
(932098,1)
(933438,1)
(934422,1)
(935502,1)
(935692,1)
(936088,1)
(937965,1)
(938126,1)
(938237,1)
(938533,1)
(938939,1)
(939265,1)
(940625,1)
(941852,1)
(942398,1)
(942817,1)
(944476,1)
(945495,1)
(946883,1)
(947023,1)
(947924,1)
(947948,1)
(949357,1)
(949476,1)
(952018,1)
(952490,1)
(952842,1)
(952936,1)
(953005,1)
(955328,1)
(955480,1)
(955520,1)
(956338,1)
(956339,1)
(956885,1)
(957391,1)
(957458,1)
(957526,1)
(957834,1)
(958332,1)
(958621,1)
(959146,1)
(959822,1)
(960755,1)
(961011,1)
(962511,1)
(962531,1)
(962950,1)
(965060,1)
(966041,1)
(966672,1)
(967554,1)
(967585,1)
(969219,1)
(969504,1)
(970997,1)
(971438,1)
(971656,1)
(972657,1)
(973806,1)
(975467,1)
(975877,1)
(977504,1)
(978039,1)
(979367,1)
(979685,1)
(982458,1)
(983071,1)
(983884,1)
(984007,1)
(984118,1)
(984976,1)
(985129,1)
(986338,1)
(986700,1)
(987181,1)
(987322,1)
(987363,1)
(987446,1)
(987551,1)
(987856,1)
(988001,1)
(988039,1)
(988116,1)
(988432,1)
(989407,1)
(990502,1)
(991332,1)
(992006,1)
(992478,1)
(993513,1)
(994356,1)
(994814,1)
(996169,1)
(996200,1)
(996932,1)
(996977,1)
(997477,1)
(999315,1)
(999819,1)
(1000359,1)
(1001365,1)
(1001726,1)
(1002651,1)
(1003218,1)
(1003838,1)
(1004622,1)
(1006355,1)
(1006631,1)
(1007320,1)
(1010432,1)
(1012969,1)
(1014439,1)
(1014497,1)
(1015768,1)
(1016024,1)
(1016888,1)
(1017423,1)
(1018599,1)
(1019789,1)
(1021144,1)
(1022723,1)
(1023060,1)
(1023452,1)
(1023480,1)
(1023543,1)
(1024055,1)
(1025903,1)
(1025952,1)
(1026784,1)
(1027436,1)
(1027490,1)
(1028356,1)
(1028698,1)
(1030144,1)
(1032844,1)
(1033911,1)
(1034925,1)
(1035122,1)
(1035794,1)
(1039544,1)
(1039773,1)
(1040084,1)
(1043652,1)
(1043767,1)
(1043874,1)
(1044909,1)
(1044918,1)
(1044975,1)
(1045242,1)
(1045271,1)
(1045811,1)
(1045908,1)
(1046191,1)
(1046198,1)
(1046526,1)
(1046570,1)
(1046611,1)
(1046886,1)
(1047171,1)
(1047364,1)
(1047439,1)
(1047585,1)
(1048438,1)
(1048899,1)
(1049392,1)
(1052381,1)
(1054844,1)
(1054968,1)
(1055699,1)
(1057786,1)
(1057796,1)
(1057806,1)
(1058168,1)
(1058384,1)
(1058425,1)
(1059423,1)
(1059461,1)
(1060230,1)
(1060571,1)
(1062993,1)
(1063116,1)
(1064167,1)
(1064275,1)
(1065238,1)
(1065733,1)
(1066051,1)
(1066339,1)
(1067079,1)
(1067483,1)
(1067816,1)
(1068374,1)
(1068519,1)
(1068575,1)
(1070115,1)
(1070428,1)
(1070564,1)
(1071712,1)
(1072010,1)
(1072675,1)
(1072695,1)
(1072724,1)
(1072735,1)
(1072736,1)
(1072737,1)
(1072738,1)
(1072776,1)
(1072849,1)
(1073754,1)
(1075115,1)
(1075963,1)
(1077599,1)
(1078950,1)
(1079057,1)
(1079358,1)
(1080708,1)
(1080710,1)
(1080847,1)
(1081418,1)
(1081914,1)
(1081943,1)
(1081951,1)
(1082297,1)
(1083236,1)
(1083608,1)
(1085171,1)
(1086517,1)
(1086988,1)
(1087325,1)
(1088214,1)
(1088431,1)
(1088615,1)
(1089598,1)
(1089771,1)
(1090247,1)
(1091528,1)
(1091759,1)
(1095235,1)
(1095728,1)
(1095844,1)
(1095970,1)
(1096508,1)
(1098195,1)
(1099774,1)
(1099811,1)
(1099892,1)
(1100524,1)
(1104222,1)
(1107800,1)
(1108697,1)
(1108883,1)
(1109083,1)
(1109293,1)
(1109662,1)
(1111217,1)
(1111517,1)
(1112324,1)
(1112376,1)
(1113282,1)
(1113351,1)
(1114553,1)
(1114645,1)
(1115692,1)
(1117349,1)
(1117362,1)
(1118765,1)
(1119040,1)
(1119828,1)
(1119919,1)
(1121038,1)
(1122860,1)
(1123627,1)
(1124504,1)
(1124740,1)
(1126437,1)
(1127689,1)
(1127780,1)
(1128389,1)
(1128889,1)
(1128964,1)
(1131691,1)
(1131726,1)
(1136591,1)
(1137428,1)
(1137554,1)
(1138574,1)
(1139458,1)
(1140021,1)
(1141533,1)
(1141567,1)
(1141882,1)
(1142387,1)
(1143264,1)
(1144924,1)
(1146123,1)
(1146581,1)
(1148199,1)
(1148208,1)
(1148258,1)
(1149358,1)
(1150062,1)
(1150315,1)
(1151035,1)
(1152596,1)
(1153412,1)
(1154197,1)
(1155350,1)
(1156273,1)
(1156422,1)
(1160023,1)
(1161055,1)
(1161158,1)
(1162777,1)
(1162888,1)
(1163230,1)
(1163311,1)
(1163523,1)
(1163932,1)
(1164270,1)
(1164346,1)
(1164518,1)
(1164639,1)
(1165554,1)
(1165625,1)
(1165804,1)
(1166592,1)
(1168391,1)
(1168568,1)
(1170260,1)
(1170299,1)
(1171991,1)
(1172166,1)
(1173907,1)
(1175313,1)
(1176420,1)
(1177245,1)
(1178020,1)
(1178180,1)
(1179143,1)
(1179203,1)
(1179341,1)
(1181372,1)
(1182479,1)
(1182854,1)
(1184537,1)
(1185469,1)
(1186181,1)
(1186239,1)
(1187315,1)
(1188297,1)
(1189202,1)
(1195901,1)
(1196289,1)
(1196981,1)
(1197038,1)
(1198053,1)
(1198414,1)
(1199420,1)
(1203867,1)
(1204103,1)
(1204880,1)
(1205380,1)
(1206447,1)
(1207188,1)
(1207264,1)
(1208274,1)
(1208287,1)
(1209685,1)
(1211919,1)
(1213266,1)
(1214077,1)
(1216565,1)
(1217273,1)
(1217626,1)
(1217644,1)
(1218350,1)
(1220413,1)
(1220627,1)
(1220673,1)
(1221185,1)
(1221418,1)
(1221518,1)
(1221530,1)
(1221586,1)
(1222740,1)
(1222773,1)
(1223658,1)
(1225064,1)
(1226644,1)
(1227268,1)
(1228143,1)
(1228263,1)
(1228282,1)
(1228738,1)
(1229011,1)
(1230142,1)
(1231229,1)
(1231352,1)
(1231353,1)
(1232771,1)
(1233359,1)
(1234445,1)
(1235427,1)
(1235762,1)
(1238790,1)
(1239302,1)
(1240316,1)
(1240954,1)
(1243046,1)
(1243950,1)
(1244528,1)
(1246957,1)
(1248519,1)
(1249277,1)
(1249395,1)
(1249630,1)
(1249672,1)
(1250388,1)
(1252336,1)
(1253377,1)
(1254348,1)
(1254467,1)
(1254583,1)
(1255563,1)
(1257529,1)
(1257713,1)
(1259607,1)
(1259696,1)
(1259766,1)
(1260296,1)
(1261056,1)
(1261119,1)
(1261356,1)
(1263053,1)
(1264453,1)
(1266564,1)
(1266747,1)
(1267014,1)
(1268512,1)
(1270003,1)
(1271715,1)
(1274493,1)
(1275881,1)
(1276247,1)
(1279449,1)
(1279656,1)
(1279672,1)
(1280127,1)
(1280286,1)
(1282791,1)
(1284412,1)
(1284469,1)
(1284910,1)
(1285309,1)
(1285437,1)
(1285549,1)
(1286130,1)
(1286996,1)
(1287192,1)
(1287637,1)
(1287778,1)
(1288316,1)
(1289160,1)
(1290320,1)
(1290645,1)
(1290709,1)
(1292391,1)
(1292709,1)
(1293394,1)
(1295886,1)
(1296341,1)
(1296558,1)
(1297745,1)
(1298039,1)
(1298125,1)
(1299103,1)
(1301331,1)
(1301909,1)
(1302596,1)
(1302771,1)
(1304121,1)
(1307403,1)
(1307937,1)
(1308423,1)
(1309579,1)
(1310818,1)
(1311084,1)
(1311815,1)
(1312293,1)
(1313019,1)
(1314332,1)
(1314490,1)
(1314951,1)
(1315294,1)
(1316556,1)
(1317410,1)
(1320144,1)
(1320969,1)
(1322620,1)
(1323419,1)
(1325054,1)
(1325284,1)
(1325904,1)
(1327020,1)
(1327363,1)
(1328027,1)
(1328126,1)
(1328405,1)
(1329297,1)
(1331770,1)
(1332246,1)
(1334035,1)
(1334555,1)
(1334793,1)
(1335352,1)
(1336093,1)
(1336114,1)
(1336117,1)
(1336136,1)
(1336643,1)
(1337640,1)
(1338010,1)
(1338018,1)
(1340225,1)
(1340755,1)
(1341160,1)
(1341347,1)
(1342261,1)
(1342783,1)
(1343229,1)
(1343945,1)
(1344038,1)
(1344892,1)
(1345357,1)
(1345396,1)
(1346480,1)
(1347929,1)
(1349032,1)
(1349446,1)
(1349624,1)
(1349770,1)
(1349806,1)
(1349825,1)
(1349990,1)
(1350516,1)
(1351385,1)
(1351469,1)
(1352888,1)
(1353241,1)
(1353845,1)
(1354230,1)
(1354275,1)
(1354929,1)
(1356507,1)
(1357246,1)
(1358516,1)
(1363961,1)
(1366325,1)
(1367004,1)
(1370035,1)
(1370806,1)
(1373122,1)
(1374348,1)
(1376008,1)
(1376715,1)
(1376857,1)
(1378105,1)
(1378838,1)
(1379970,1)
(1383841,1)
(1383850,1)
(1384267,1)
(1385613,1)
(1386338,1)
(1386531,1)
(1388801,1)
(1389455,1)
(1389548,1)
(1390005,1)
(1393057,1)
(1394821,1)
(1396262,1)
(1396501,1)
(1398778,1)
(1398786,1)
(1398927,1)
(1400149,1)
(1400172,1)
(1400761,1)
(1400867,1)
(1401553,1)
(1402451,1)
(1402796,1)
(1403287,1)
(1405580,1)
(1407012,1)
(1408592,1)
(1409245,1)
(1409277,1)
(1409408,1)
(1410462,1)
(1412065,1)
(1412398,1)
(1412970,1)
(1413412,1)
(1414059,1)
(1414792,1)
(1415599,1)
(1416031,1)
(1417056,1)
(1418620,1)
(1419930,1)
(1420303,1)
(1420529,1)
(1420661,1)
(1421380,1)
(1422007,1)
(1423362,1)
(1423489,1)
(1424448,1)
(1425206,1)
(1426295,1)
(1427361,1)
(1427915,1)
(1427983,1)
(1429646,1)
(1429842,1)
(1430062,1)
(1430613,1)
(1432727,1)
(1435567,1)
(1436229,1)
(1436435,1)
(1436814,1)
(1437896,1)
(1437966,1)
(1437980,1)
(1438096,1)
(1441157,1)
(1441309,1)
(1441499,1)
(1441743,1)
(1442000,1)
(1444054,1)
(1444689,1)
(1444943,1)
(1445186,1)
(1446637,1)
(1446996,1)
(1447020,1)
(1448087,1)
(1450331,1)
(1450377,1)
(1451229,1)
(1451363,1)
(1452271,1)
(1452772,1)
(1453161,1)
(1453322,1)
(1453556,1)
(1454156,1)
(1454341,1)
(1454627,1)
(1458496,1)
(1458847,1)
(1459315,1)
(1459353,1)
(1459407,1)
(1459492,1)
(1459539,1)
(1462331,1)
(1462686,1)
(1462912,1)
(1464942,1)
(1466721,1)
(1467032,1)
(1467999,1)
(1468045,1)
(1469003,1)
(1469140,1)
(1470446,1)
(1470580,1)
(1470974,1)
(1471342,1)
(1471526,1)
(1474960,1)
(1475309,1)
(1475400,1)
(1475414,1)
(1475469,1)
(1475806,1)
(1476482,1)
(1476521,1)
(1476585,1)
(1476847,1)
(1478130,1)
(1478493,1)
(1478573,1)
(1478965,1)
(1479079,1)
(1479193,1)
(1479412,1)
(1480460,1)
(1480745,1)
(1481669,1)
(1482735,1)
(1482935,1)
(1484096,1)
(1485345,1)
(1486494,1)
(1486543,1)
(1486911,1)
(1489419,1)
(1489843,1)
(1490534,1)
(1492005,1)
(1492109,1)
(1492989,1)
(1493781,1)
(1494039,1)
(1494239,1)
(1494916,1)
(1495303,1)
(1495464,1)
(1498208,1)
(1499227,1)
(1499900,1)
(1500495,1)
(1502106,1)
(1502767,1)
(1503133,1)
(1503535,1)
(1504100,1)
(1505267,1)
(1506470,1)
(1506983,1)
(1507424,1)
(1507450,1)
(1508688,1)
(1508788,1)
(1509476,1)
(1513037,1)
(1513788,1)
(1514153,1)
(1517131,1)
(1517410,1)
(1518900,1)
(1521385,1)
(1521793,1)
(1522504,1)
(1522533,1)
(1523128,1)
(1525530,1)
(1526005,1)
(1527832,1)
(1528881,1)
(1528902,1)
(1530549,1)
(1530683,1)
(1530863,1)
(1532211,1)
(1532330,1)
(1532438,1)
(1532479,1)
(1532502,1)
(1532881,1)
(1534013,1)
(1537126,1)
(1538186,1)
(1538258,1)
(1538382,1)
(1538719,1)
(1539748,1)
(1540241,1)
(1540457,1)
(1542395,1)
(1542895,1)
(1544220,1)
(1546174,1)
(1547373,1)
(1547945,1)
(1548943,1)
(1551237,1)
(1551983,1)
(1554050,1)
(1556535,1)
(1558666,1)
(1558942,1)
(1559824,1)
(1561031,1)
(1561395,1)
(1561596,1)
(1561873,1)
(1562118,1)
(1563645,1)
(1565050,1)
(1565059,1)
(1565093,1)
(1565479,1)
(1567096,1)
(1567445,1)
(1567622,1)
(1571055,1)
(1571627,1)
(1573093,1)
(1575723,1)
(1576446,1)
(1576511,1)
(1581073,1)
(1582490,1)
(1582648,1)
(1583721,1)
(1584168,1)
(1584446,1)
(1586439,1)
(1586528,1)
(1587261,1)
(1587979,1)
(1588166,1)
(1591913,1)
(1598800,1)
(1601673,1)
(1602506,1)
(1602538,1)
(1603542,1)
(1605016,1)
(1605369,1)
(1606407,1)
(1606449,1)
(1606452,1)
(1606453,1)
(1606455,1)
(1606456,1)
(1606457,1)
(1606458,1)
(1606459,1)
(1606460,1)
(1606461,1)
(1606462,1)
(1606463,1)
(1606464,1)
(1606465,1)
(1606466,1)
(1606467,1)
(1606468,1)
(1606469,1)
(1606470,1)
(1606471,1)
(1606472,1)
(1606473,1)
(1606474,1)
(1606475,1)
(1606476,1)
(1606477,1)
(1606478,1)
(1606479,1)
(1606482,1)
(1606483,1)
(1606484,1)
(1606485,1)
(1606486,1)
(1606487,1)
(1606491,1)
(1606492,1)
(1606493,1)
(1606494,1)
(1606495,1)
(1606496,1)
(1606497,1)
(1606498,1)
(1606499,1)
(1606500,1)
(1606501,1)
(1606502,1)
(1606503,1)
(1606504,1)
(1606505,1)
(1606506,1)
(1606507,1)
(1606508,1)
(1606509,1)
(1606510,1)
(1606512,1)
(1606513,1)
(1606514,1)
(1606515,1)
(1606516,1)
(1606517,1)
(1606520,1)
(1606521,1)
(1606522,1)
(1606523,1)
(1606524,1)
(1606525,1)
(1606526,1)
(1606527,1)
(1606528,1)
(1606529,1)
(1606530,1)
(1606531,1)
(1606532,1)
(1606533,1)
(1606535,1)
(1606536,1)
(1606537,1)
(1606539,1)
(1606540,1)
(1606541,1)
(1606542,1)
(1606543,1)
(1606544,1)
(1606545,1)
(1606546,1)
(1606547,1)
(1606548,1)
(1606552,1)
(1606553,1)
(1606554,1)
(1606555,1)
(1606556,1)
(1606557,1)
(1606558,1)
(1606559,1)
(1606560,1)
(1606561,1)
(1606562,1)
(1606563,1)
(1606564,1)
(1606565,1)
(1606566,1)
(1606567,1)
(1606568,1)
(1606569,1)
(1606570,1)
(1606571,1)
(1606572,1)
(1606573,1)
(1606574,1)
(1606575,1)
(1606576,1)
(1606577,1)
(1606578,1)
(1606579,1)
(1606580,1)
(1606581,1)
(1606582,1)
(1606583,1)
(1606584,1)
(1606585,1)
(1606586,1)
(1606587,1)
(1606588,1)
(1606589,1)
(1606590,1)
(1606591,1)
(1606592,1)
(1606593,1)
(1606595,1)
(1606596,1)
(1606597,1)
(1606598,1)
(1606599,1)
(1606600,1)
(1606602,1)
(1606603,1)
(1606604,1)
(1606605,1)
(1606606,1)
(1606607,1)
(1606608,1)
(1606609,1)
(1606610,1)
(1606611,1)
(1606612,1)
(1606613,1)
(1606614,1)
(1606615,1)
(1606616,1)
(1606617,1)
(1606618,1)
(1606619,1)
(1606620,1)
(1606621,1)
(1606626,1)
(1606628,1)
(1606630,1)
(1606631,1)
(1606637,1)
(1606638,1)
(1606667,1)
(1606668,1)
(1606669,1)
(1606670,1)
(1606673,1)
(1606674,1)
(1606675,1)
(1606676,1)
(1606677,1)
(1606678,1)
(1606679,1)
(1606680,1)
(1606681,1)
(1606682,1)
(1606683,1)
(1606686,1)
(1606687,1)
(1606688,1)
(1606689,1)
(1606690,1)
(1606691,1)
(1606692,1)
(1606693,1)
(1606694,1)
(1606695,1)
(1606696,1)
(1606699,1)
(1606700,1)
(1606701,1)
(1606702,1)
(1606703,1)
(1606704,1)
(1606705,1)
(1606706,1)
(1606707,1)
(1606708,1)
(1606709,1)
(1606710,1)
(1606711,1)
(1606712,1)
(1606713,1)
(1606714,1)
(1606715,1)
(1606716,1)
(1606717,1)
(1606719,1)
(1606720,1)
(1606723,1)
(1606725,1)
(1606726,1)
(1606727,1)
(1606728,1)
(1606729,1)
(1606730,1)
(1606731,1)
(1606732,1)
(1606733,1)
(1606738,1)
(1606739,1)
(1606740,1)
(1606742,1)
(1606743,1)
(1606891,1)
(1606893,1)
(1606894,1)
(1606895,1)
(1606896,1)
(1606897,1)
(1606899,1)
(1606900,1)
(1606901,1)
(1606902,1)
(1606903,1)
(1606913,1)
(1606915,1)
(1607025,1)
(1607233,1)
(1607629,1)
(1607941,1)
(1608465,1)
(1609357,1)
(1609544,1)
(1610815,1)
(1610922,1)
(1612348,1)
(1612805,1)
(1614010,1)
(1616722,1)
(1618429,1)
(1618696,1)
(1618811,1)
(1622139,1)
(1622557,1)
(1626538,1)
(1627047,1)
(1627368,1)
(1629200,1)
(1629875,1)
(1631199,1)
(1631365,1)
(1632519,1)
(1633595,1)
(1635426,1)
(1636443,1)
(1637353,1)
(1637522,1)
(1637692,1)
(1637775,1)
(1638396,1)
(1638658,1)
(1638948,1)
(1640502,1)
(1640778,1)
(1640851,1)
(1641387,1)
(1643249,1)
(1644290,1)
(1644535,1)
(1644868,1)
(1644879,1)
(1645883,1)
(1647170,1)
(1649853,1)
(1650339,1)
(1652515,1)
(1653534,1)
(1653546,1)
(1654107,1)
(1654224,1)
(1654254,1)
(1654319,1)
(1655124,1)
(1655397,1)
(1655545,1)
(1655595,1)
(1655644,1)
(1658265,1)
(1659859,1)
(1659921,1)
(1660149,1)
(1662008,1)
(1663541,1)
(1664175,1)
(1666308,1)
(1666398,1)
(1667593,1)
(1668027,1)
(1668118,1)
(1669342,1)
(1669411,1)
(1669504,1)
(1669776,1)
(1670303,1)
(1672188,1)
(1672667,1)
(1674609,1)
(1675349,1)
(1675399,1)
(1675714,1)
(1676784,1)
(1677178,1)
(1677887,1)
(1677997,1)
(1678512,1)
(1678842,1)
(1679277,1)
(1679515,1)
(1680707,1)
(1680742,1)
(1680863,1)
(1680955,1)
(1681404,1)
(1682025,1)
(1683560,1)
(1684082,1)
(1684717,1)
(1686388,1)
(1688917,1)
(1689013,1)
(1689618,1)
(1690500,1)
(1690507,1)
(1696094,1)
(1699635,1)
(1700274,1)
(1700651,1)
(1701893,1)
(1702345,1)
(1702669,1)
(1703830,1)
(1704256,1)
(1706429,1)
(1708380,1)
(1708678,1)
(1708874,1)
(1709121,1)
(1709561,1)
(1709713,1)
(1709908,1)
(1711567,1)
(1713171,1)
(1713394,1)
(1716563,1)
(1717401,1)
(1719255,1)
(1721569,1)
(1721674,1)
(1722916,1)
(1724730,1)
(1725822,1)
(1726684,1)
(1727694,1)
(1729238,1)
(1730522,1)
(1730593,1)
(1732351,1)
(1732982,1)
(1735527,1)
(1736985,1)
(1737614,1)
(1745563,1)
(1745735,1)
(1745966,1)
(1746244,1)
(1746887,1)
(1749100,1)
(1750439,1)
(1750821,1)
(1751413,1)
(1751835,1)
(1753540,1)
(1755547,1)
(1755803,1)
(1757800,1)
(1759001,1)
(1760186,1)
(1760284,1)
(1760294,1)
(1760295,1)
(1760296,1)
(1760297,1)
(1760298,1)
(1760299,1)
(1760300,1)
(1760301,1)
(1760302,1)
(1760303,1)
(1760304,1)
(1760306,1)
(1760307,1)
(1760308,1)
(1760309,1)
(1760312,1)
(1760320,1)
(1760321,1)
(1760323,1)
(1760324,1)
(1760325,1)
(1760326,1)
(1760327,1)
(1760328,1)
(1760329,1)
(1760330,1)
(1760331,1)
(1760332,1)
(1760333,1)
(1760334,1)
(1760335,1)
(1760336,1)
(1760337,1)
(1760338,1)
(1760339,1)
(1760340,1)
(1760341,1)
(1760342,1)
(1760343,1)
(1760344,1)
(1760345,1)
(1760346,1)
(1760347,1)
(1760348,1)
(1760349,1)
(1760350,1)
(1760351,1)
(1760352,1)
(1760353,1)
(1760354,1)
(1760355,1)
(1760356,1)
(1760357,1)
(1760358,1)
(1760359,1)
(1760360,1)
(1760361,1)
(1760362,1)
(1760363,1)
(1760364,1)
(1760366,1)
(1760367,1)
(1760368,1)
(1760369,1)
(1760371,1)
(1760372,1)
(1760373,1)
(1760374,1)
(1760375,1)
(1760376,1)
(1760377,1)
(1760378,1)
(1760379,1)
(1760380,1)
(1760381,1)
(1760382,1)
(1760383,1)
(1760384,1)
(1760385,1)
(1760386,1)
(1760387,1)
(1760388,1)
(1760389,1)
(1760390,1)
(1760391,1)
(1760392,1)
(1760393,1)
(1760394,1)
(1760395,1)
(1760396,1)
(1760397,1)
(1760398,1)
(1760399,1)
(1760400,1)
(1760401,1)
(1760402,1)
(1760403,1)
(1760404,1)
(1760405,1)
(1760406,1)
(1760407,1)
(1760408,1)
(1760409,1)
(1760410,1)
(1760411,1)
(1760412,1)
(1760413,1)
(1760414,1)
(1760415,1)
(1760416,1)
(1760417,1)
(1760418,1)
(1760419,1)
(1760420,1)
(1760421,1)
(1760422,1)
(1760423,1)
(1760424,1)
(1760425,1)
(1760426,1)
(1760427,1)
(1760428,1)
(1760429,1)
(1760430,1)
(1760432,1)
(1760434,1)
(1760436,1)
(1760437,1)
(1760444,1)
(1760448,1)
(1760449,1)
(1760450,1)
(1760451,1)
(1760452,1)
(1760453,1)
(1760454,1)
(1760455,1)
(1760456,1)
(1760457,1)
(1760458,1)
(1760459,1)
(1760464,1)
(1760466,1)
(1760468,1)
(1760474,1)
(1760475,1)
(1760488,1)
(1760489,1)
(1760493,1)
(1760494,1)
(1760503,1)
(1760511,1)
(1760513,1)
(1760544,1)
(1760545,1)
(1760576,1)
(1760579,1)
(1760580,1)
(1760581,1)
(1760582,1)
(1760583,1)
(1760584,1)
(1760585,1)
(1760617,1)
(1760618,1)
(1760642,1)
(1760644,1)
(1760650,1)
(1760654,1)
(1760683,1)
(1760685,1)
(1760686,1)
(1760886,1)
(1760891,1)
(1760974,1)
(1761008,1)
(1761886,1)
(1762038,1)
(1763159,1)
(1763334,1)
(1763511,1)
(1764527,1)
(1765021,1)
(1765497,1)
(1770508,1)
(1770560,1)
(1771150,1)
(1772487,1)
(1773090,1)
(1773329,1)
(1773841,1)
(1774365,1)
(1774366,1)
(1774367,1)
(1774368,1)
(1774369,1)
(1774370,1)
(1774371,1)
(1774372,1)
(1774374,1)
(1774375,1)
(1774376,1)
(1774377,1)
(1774378,1)
(1774379,1)
(1774380,1)
(1774381,1)
(1774382,1)
(1774383,1)
(1774384,1)
(1774385,1)
(1774386,1)
(1774387,1)
(1774388,1)
(1774389,1)
(1774390,1)
(1774391,1)
(1774392,1)
(1774394,1)
(1774395,1)
(1774396,1)
(1774397,1)
(1774398,1)
(1774399,1)
(1774400,1)
(1774401,1)
(1774402,1)
(1774403,1)
(1774405,1)
(1774406,1)
(1774407,1)
(1774408,1)
(1774409,1)
(1774410,1)
(1774411,1)
(1774412,1)
(1774413,1)
(1774414,1)
(1774415,1)
(1774416,1)
(1774418,1)
(1774419,1)
(1774420,1)
(1774421,1)
(1774422,1)
(1774423,1)
(1774424,1)
(1774425,1)
(1774426,1)
(1774427,1)
(1774428,1)
(1774429,1)
(1774430,1)
(1774432,1)
(1774434,1)
(1774435,1)
(1774436,1)
(1774437,1)
(1774438,1)
(1774439,1)
(1774440,1)
(1774441,1)
(1774442,1)
(1774444,1)
(1774446,1)
(1774449,1)
(1774450,1)
(1774451,1)
(1774452,1)
(1774453,1)
(1774454,1)
(1774455,1)
(1774456,1)
(1774457,1)
(1774458,1)
(1774459,1)
(1774460,1)
(1774461,1)
(1774462,1)
(1774463,1)
(1774464,1)
(1774465,1)
(1774466,1)
(1774467,1)
(1774468,1)
(1774469,1)
(1774471,1)
(1774472,1)
(1774473,1)
(1774475,1)
(1774476,1)
(1774477,1)
(1774479,1)
(1774480,1)
(1774481,1)
(1774482,1)
(1774484,1)
(1774485,1)
(1774486,1)
(1774487,1)
(1774488,1)
(1774489,1)
(1774490,1)
(1774491,1)
(1774492,1)
(1774493,1)
(1774494,1)
(1774495,1)
(1774496,1)
(1774497,1)
(1774498,1)
(1774499,1)
(1774502,1)
(1774503,1)
(1774504,1)
(1774505,1)
(1774506,1)
(1774507,1)
(1774508,1)
(1774509,1)
(1774510,1)
(1774511,1)
(1774512,1)
(1774513,1)
(1774514,1)
(1774515,1)
(1774516,1)
(1774517,1)
(1774518,1)
(1774519,1)
(1774520,1)
(1774521,1)
(1774522,1)
(1774523,1)
(1774524,1)
(1774525,1)
(1774527,1)
(1774528,1)
(1774529,1)
(1774530,1)
(1774531,1)
(1774532,1)
(1774533,1)
(1774534,1)
(1774535,1)
(1774536,1)
(1774537,1)
(1774539,1)
(1774540,1)
(1774542,1)
(1774543,1)
(1774544,1)
(1774545,1)
(1774546,1)
(1774547,1)
(1774548,1)
(1774549,1)
(1774550,1)
(1774552,1)
(1774553,1)
(1774554,1)
(1774555,1)
(1774562,1)
(1774563,1)
(1774564,1)
(1774565,1)
(1774566,1)
(1774567,1)
(1774568,1)
(1774570,1)
(1774571,1)
(1774572,1)
(1774573,1)
(1774574,1)
(1774575,1)
(1774576,1)
(1774577,1)
(1774578,1)
(1774579,1)
(1774580,1)
(1774581,1)
(1774582,1)
(1774583,1)
(1774584,1)
(1774585,1)
(1774586,1)
(1774587,1)
(1774588,1)
(1774589,1)
(1774590,1)
(1774591,1)
(1774592,1)
(1774593,1)
(1774594,1)
(1774595,1)
(1774596,1)
(1774597,1)
(1774598,1)
(1774599,1)
(1774600,1)
(1774601,1)
(1774603,1)
(1774604,1)
(1774605,1)
(1774606,1)
(1774609,1)
(1774610,1)
(1774613,1)
(1774614,1)
(1774615,1)
(1774616,1)
(1774617,1)
(1774618,1)
(1774620,1)
(1774621,1)
(1774622,1)
(1774624,1)
(1774625,1)
(1774626,1)
(1774627,1)
(1774628,1)
(1774629,1)
(1774630,1)
(1774631,1)
(1774632,1)
(1774633,1)
(1774634,1)
(1774635,1)
(1774636,1)
(1774637,1)
(1774638,1)
(1774639,1)
(1774640,1)
(1774641,1)
(1774643,1)
(1774646,1)
(1774647,1)
(1774649,1)
(1774651,1)
(1774652,1)
(1774653,1)
(1774654,1)
(1774655,1)
(1774657,1)
(1774659,1)
(1774660,1)
(1774661,1)
(1774662,1)
(1774664,1)
(1774666,1)
(1774667,1)
(1774668,1)
(1774669,1)
(1774670,1)
(1774671,1)
(1774672,1)
(1774674,1)
(1774675,1)
(1774676,1)
(1774677,1)
(1774678,1)
(1774679,1)
(1774681,1)
(1774682,1)
(1774683,1)
(1774684,1)
(1774685,1)
(1774686,1)
(1774687,1)
(1774688,1)
(1774689,1)
(1774690,1)
(1774691,1)
(1774692,1)
(1774693,1)
(1774694,1)
(1774695,1)
(1774697,1)
(1774698,1)
(1774701,1)
(1774702,1)
(1774703,1)
(1774704,1)
(1774705,1)
(1774706,1)
(1774707,1)
(1774708,1)
(1774709,1)
(1774710,1)
(1774711,1)
(1774712,1)
(1774713,1)
(1774714,1)
(1774715,1)
(1774716,1)
(1774717,1)
(1774718,1)
(1774719,1)
(1774720,1)
(1774721,1)
(1774722,1)
(1774723,1)
(1774724,1)
(1774725,1)
(1774726,1)
(1774727,1)
(1774728,1)
(1774729,1)
(1774730,1)
(1774731,1)
(1774733,1)
(1774734,1)
(1774735,1)
(1774738,1)
(1774740,1)
(1774742,1)
(1774745,1)
(1774747,1)
(1774749,1)
(1774750,1)
(1774752,1)
(1774753,1)
(1774754,1)
(1774755,1)
(1774756,1)
(1774757,1)
(1774758,1)
(1774759,1)
(1774761,1)
(1774762,1)
(1774763,1)
(1774764,1)
(1774765,1)
(1774766,1)
(1774767,1)
(1774770,1)
(1774771,1)
(1774772,1)
(1774773,1)
(1774776,1)
(1774777,1)
(1774778,1)
(1774779,1)
(1774780,1)
(1774781,1)
(1774782,1)
(1774783,1)
(1774784,1)
(1774785,1)
(1774786,1)
(1774787,1)
(1774788,1)
(1774789,1)
(1774790,1)
(1774791,1)
(1774793,1)
(1774795,1)
(1774796,1)
(1774797,1)
(1774798,1)
(1774799,1)
(1774800,1)
(1774801,1)
(1774803,1)
(1774804,1)
(1774805,1)
(1774806,1)
(1774808,1)
(1774809,1)
(1774810,1)
(1774812,1)
(1774813,1)
(1774814,1)
(1774816,1)
(1774817,1)
(1774818,1)
(1774821,1)
(1774822,1)
(1774823,1)
(1774825,1)
(1774827,1)
(1774829,1)
(1774831,1)
(1774832,1)
(1774833,1)
(1774835,1)
(1774836,1)
(1774839,1)
(1774840,1)
(1774841,1)
(1774843,1)
(1774844,1)
(1774845,1)
(1774847,1)
(1774848,1)
(1774849,1)
(1774850,1)
(1774851,1)
(1774852,1)
(1774853,1)
(1774854,1)
(1774855,1)
(1774856,1)
(1774857,1)
(1774858,1)
(1774859,1)
(1774860,1)
(1774861,1)
(1774862,1)
(1774863,1)
(1774864,1)
(1774865,1)
(1774866,1)
(1774867,1)
(1774868,1)
(1774869,1)
(1774870,1)
(1774871,1)
(1774872,1)
(1774873,1)
(1774874,1)
(1774875,1)
(1774876,1)
(1774877,1)
(1774878,1)
(1774880,1)
(1774881,1)
(1774882,1)
(1774883,1)
(1774884,1)
(1774885,1)
(1774886,1)
(1774887,1)
(1774890,1)
(1774891,1)
(1774892,1)
(1774893,1)
(1774895,1)
(1774896,1)
(1774898,1)
(1774899,1)
(1774900,1)
(1774901,1)
(1774902,1)
(1774903,1)
(1774904,1)
(1774905,1)
(1774906,1)
(1774908,1)
(1774909,1)
(1774910,1)
(1774911,1)
(1774913,1)
(1774915,1)
(1774916,1)
(1774918,1)
(1774920,1)
(1774922,1)
(1774923,1)
(1774924,1)
(1774925,1)
(1774926,1)
(1774927,1)
(1774929,1)
(1774930,1)
(1774932,1)
(1774933,1)
(1774934,1)
(1774935,1)
(1774936,1)
(1774937,1)
(1774938,1)
(1774939,1)
(1774940,1)
(1774941,1)
(1774942,1)
(1774945,1)
(1774946,1)
(1774949,1)
(1774950,1)
(1774951,1)
(1774952,1)
(1774953,1)
(1774954,1)
(1774955,1)
(1774957,1)
(1774958,1)
(1774959,1)
(1774960,1)
(1774961,1)
(1774962,1)
(1774963,1)
(1774964,1)
(1774965,1)
(1774966,1)
(1774967,1)
(1774968,1)
(1774969,1)
(1774970,1)
(1774971,1)
(1774972,1)
(1774973,1)
(1774975,1)
(1774976,1)
(1774977,1)
(1774978,1)
(1774980,1)
(1774981,1)
(1774982,1)
(1774983,1)
(1774984,1)
(1774985,1)
(1774986,1)
(1774987,1)
(1774988,1)
(1774989,1)
(1774990,1)
(1774991,1)
(1774994,1)
(1774996,1)
(1774997,1)
(1774998,1)
(1774999,1)
(1775000,1)
(1775001,1)
(1775002,1)
(1775003,1)
(1775004,1)
(1775005,1)
(1775006,1)
(1775007,1)
(1775008,1)
(1775009,1)
(1775011,1)
(1775012,1)
(1775013,1)
(1775014,1)
(1775016,1)
(1775017,1)
(1775018,1)
(1775020,1)
(1775021,1)
(1775022,1)
(1775023,1)
(1775024,1)
(1775025,1)
(1775026,1)
(1775027,1)
(1775028,1)
(1775029,1)
(1775030,1)
(1775031,1)
(1775033,1)
(1775034,1)
(1775035,1)
(1775037,1)
(1775038,1)
(1775039,1)
(1775040,1)
(1775041,1)
(1775042,1)
(1775043,1)
(1775044,1)
(1775045,1)
(1775047,1)
(1775048,1)
(1775049,1)
(1775051,1)
(1775052,1)
(1775053,1)
(1775054,1)
(1775056,1)
(1775057,1)
(1775058,1)
(1775059,1)
(1775060,1)
(1775061,1)
(1775062,1)
(1775063,1)
(1775064,1)
(1775065,1)
(1775066,1)
(1775067,1)
(1775068,1)
(1775069,1)
(1775070,1)
(1775071,1)
(1775072,1)
(1775074,1)
(1775075,1)
(1775076,1)
(1775077,1)
(1775078,1)
(1775079,1)
(1775080,1)
(1775081,1)
(1775082,1)
(1775083,1)
(1775084,1)
(1775085,1)
(1775087,1)
(1775088,1)
(1775089,1)
(1775091,1)
(1775092,1)
(1775093,1)
(1775095,1)
(1775098,1)
(1775100,1)
(1775102,1)
(1775103,1)
(1775104,1)
(1775105,1)
(1775566,1)
(1775904,1)
(1776243,1)
(1777940,1)
(1779054,1)
(1779289,1)
(1780712,1)
(1782060,1)
(1784713,1)
(1785334,1)
(1785544,1)
(1787538,1)
(1790808,1)
(1791089,1)
(1791518,1)
(1792532,1)
(1792564,1)
(1793885,1)
(1794320,1)
(1794635,1)
(1795203,1)
(1800230,1)
(1800446,1)
(1800554,1)
(1800720,1)
(1804909,1)
(1806034,1)
(1806054,1)
(1806442,1)
(1806673,1)
(1806782,1)
(1808319,1)
(1808994,1)
(1809766,1)
(1811215,1)
(1811645,1)
(1812003,1)
(1812194,1)
(1812315,1)
(1812620,1)
(1812895,1)
(1814865,1)
(1815671,1)
(1818677,1)
(1821887,1)
(1821953,1)
(1825061,1)
(1826374,1)
(1826949,1)
(1827478,1)
(1829326,1)
(1830150,1)
(1830507,1)
(1830513,1)
(1833786,1)
(1834318,1)
(1834387,1)
(1834460,1)
(1835138,1)
(1835213,1)
(1835624,1)
(1835821,1)
(1835909,1)
(1835987,1)
(1836226,1)
(1836755,1)
(1837210,1)
(1837816,1)
(1837909,1)
(1837971,1)
(1838586,1)
(1838980,1)
(1839118,1)
(1839845,1)
(1840274,1)
(1841167,1)
(1841699,1)
(1841816,1)
(1841875,1)
(1842086,1)
(1842239,1)
(1842638,1)
(1843908,1)
(1846239,1)
(1846387,1)
(1846390,1)
(1846391,1)
(1846960,1)
(1847260,1)
(1847474,1)
(1847510,1)
(1847527,1)
(1847551,1)
(1847599,1)
(1847735,1)
(1850848,1)
(1851170,1)
(1851366,1)
(1851792,1)
(1852578,1)
(1852885,1)
(1853035,1)
(1853999,1)
(1854672,1)
(1855867,1)
(1856592,1)
(1856700,1)
(1857022,1)
(1857575,1)
(1857776,1)
(1858036,1)
(1858387,1)
(1858646,1)
(1859931,1)
(1861300,1)
(1861429,1)
(1862411,1)
(1862665,1)
(1863244,1)
(1863284,1)
(1864356,1)
(1865584,1)
(1867996,1)
(1868719,1)
(1869207,1)
(1869217,1)
(1869426,1)
(1869430,1)
(1869450,1)
(1869896,1)
(1870054,1)
(1870468,1)
(1870976,1)
(1871807,1)
(1872028,1)
(1872256,1)
(1872273,1)
(1874277,1)
(1874867,1)
(1875723,1)
(1875887,1)
(1876172,1)
(1876298,1)
(1877603,1)
(1877712,1)
(1877713,1)
(1877714,1)
(1877715,1)
(1877717,1)
(1877718,1)
(1878038,1)
(1878989,1)
(1881363,1)
(1881825,1)
(1882163,1)
(1882195,1)
(1882594,1)
(1883724,1)
(1885144,1)
(1885282,1)
(1885397,1)
(1885404,1)
(1885504,1)
(1886126,1)
(1886180,1)
(1886181,1)
(1886182,1)
(1886185,1)
(1886186,1)
(1886187,1)
(1886188,1)
(1889250,1)
(1890254,1)
(1890624,1)
(1890821,1)
(1891070,1)
(1891517,1)
(1891518,1)
(1891543,1)
(1891544,1)
(1891545,1)
(1891546,1)
(1891548,1)
(1891549,1)
(1891550,1)
(1891551,1)
(1891807,1)
(1892470,1)
(1892524,1)
(1893473,1)
(1893518,1)
(1893525,1)
(1894328,1)
(1895382,1)
(1896635,1)
(1897564,1)
(1899066,1)
(1901075,1)
(1901189,1)
(1902321,1)
(1902373,1)
(1902736,1)
(1904883,1)
(1905036,1)
(1905750,1)
(1905863,1)
(1906606,1)
(1907556,1)
(1907634,1)
(1908524,1)
(1908887,1)
(1909050,1)
(1909345,1)
(1909413,1)
(1909926,1)
(1909969,1)
(1910425,1)
(1911340,1)
(1911779,1)
(1912436,1)
(1913697,1)
(1914984,1)
(1915772,1)
(1916051,1)
(1917289,1)
(1917369,1)
(1919167,1)
(1919183,1)
(1920976,1)
(1922814,1)
(1923351,1)
(1925967,1)
(1928634,1)
(1928642,1)
(1928644,1)
(1928645,1)
(1928646,1)
(1928648,1)
(1928649,1)
(1928650,1)
(1928651,1)
(1928652,1)
(1928653,1)
(1928654,1)
(1928655,1)
(1928656,1)
(1928657,1)
(1928659,1)
(1928660,1)
(1928662,1)
(1928663,1)
(1928664,1)
(1928665,1)
(1928667,1)
(1928671,1)
(1928673,1)
(1928674,1)
(1928675,1)
(1928678,1)
(1928679,1)
(1928680,1)
(1928681,1)
(1928682,1)
(1928683,1)
(1928684,1)
(1928685,1)
(1928686,1)
(1928687,1)
(1928689,1)
(1928690,1)
(1928692,1)
(1928698,1)
(1928699,1)
(1928701,1)
(1928703,1)
(1928707,1)
(1928712,1)
(1928713,1)
(1928714,1)
(1928715,1)
(1928721,1)
(1928723,1)
(1928724,1)
(1928725,1)
(1928726,1)
(1928727,1)
(1928728,1)
(1928729,1)
(1928730,1)
(1928731,1)
(1928732,1)
(1928733,1)
(1928734,1)
(1928735,1)
(1928736,1)
(1928737,1)
(1928738,1)
(1928739,1)
(1928740,1)
(1928741,1)
(1928742,1)
(1928743,1)
(1928744,1)
(1928745,1)
(1928746,1)
(1928747,1)
(1928748,1)
(1928749,1)
(1928753,1)
(1928754,1)
(1928755,1)
(1928756,1)
(1928757,1)
(1928758,1)
(1928759,1)
(1928760,1)
(1928761,1)
(1928762,1)
(1928763,1)
(1928765,1)
(1928788,1)
(1928843,1)
(1930144,1)
(1931188,1)
(1932232,1)
(1932882,1)
(1933566,1)
(1933894,1)
(1934677,1)
(1935217,1)
(1939130,1)
(1939585,1)
(1947173,1)
(1950077,1)
(1950089,1)
(1950325,1)
(1950713,1)
(1950859,1)
(1951131,1)
(1951445,1)
(1951660,1)
(1952347,1)
(1952527,1)
(1952860,1)
(1954203,1)
(1955403,1)
(1959203,1)
(1959228,1)
(1960014,1)
(1960427,1)
(1960739,1)
(1961810,1)
(1965350,1)
(1967016,1)
(1967817,1)
(1968709,1)
(1970450,1)
(1971111,1)
(1971669,1)
(1972114,1)
(1972159,1)
(1972281,1)
(1972687,1)
(1974127,1)
(1977443,1)
(1978121,1)
(1979307,1)
(1980558,1)
(1981993,1)
(1983347,1)
(1984685,1)
(1985405,1)
(1986200,1)
(1986501,1)
(1986771,1)
(1987785,1)
(1993072,1)
(1994095,1)
(1994775,1)
(1997850,1)
(1998387,1)
(2000771,1)
(2000913,1)
(2000934,1)
(2001091,1)
(2005071,1)
(2006787,1)
(2008547,1)
(2009323,1)
(2009966,1)
(2010065,1)
(2010338,1)
(2012075,1)
(2012081,1)
(2012337,1)
(2013565,1)
(2014362,1)
(2017271,1)
(2018059,1)
(2018604,1)
(2020717,1)
(2020835,1)
(2020838,1)
(2020849,1)
(2021190,1)
(2021199,1)
(2021907,1)
(2022076,1)
(2022080,1)
(2022191,1)
(2022288,1)
(2022928,1)
(2024247,1)
(2025677,1)
(2025724,1)
(2025893,1)
(2027651,1)
(2028908,1)
(2031591,1)
(2031608,1)
(2032413,1)
(2032424,1)
(2032935,1)
(2034627,1)
(2036107,1)
(2036258,1)
(2038546,1)
(2040334,1)
(2041927,1)
(2042505,1)
(2043157,1)
(2043221,1)
(2043422,1)
(2044311,1)
(2044429,1)
(2044433,1)
(2045232,1)
(2045334,1)
(2045836,1)
(2046587,1)
(2046748,1)
(2046927,1)
(2048706,1)
(2049986,1)
(2051654,1)
(2052060,1)
(2052397,1)
(2054536,1)
(2055005,1)
(2055041,1)
(2056921,1)
(2059619,1)
(2059680,1)
(2060035,1)
(2060220,1)
(2060488,1)
(2061482,1)
(2064212,1)
(2065448,1)
(2066013,1)
(2066014,1)
(2066015,1)
(2066021,1)
(2066022,1)
(2066025,1)
(2066032,1)
(2066034,1)
(2066038,1)
(2066040,1)
(2066041,1)
(2066042,1)
(2066045,1)
(2066046,1)
(2066516,1)
(2066818,1)
(2066856,1)
(2066902,1)
(2067862,1)
(2068944,1)
(2069105,1)
(2069807,1)
(2070702,1)
(2072200,1)
(2073812,1)
(2074221,1)
(2076371,1)
(2076876,1)
(2077568,1)
(2077700,1)
(2078461,1)
(2078521,1)
(2078789,1)
(2080321,1)
(2080402,1)
(2080552,1)
(2080886,1)
(2081812,1)
(2082516,1)
(2083428,1)
(2083696,1)
(2083898,1)
(2083899,1)
(2084511,1)
(2084804,1)
(2085565,1)
(2086478,1)
(2088292,1)
(2089276,1)
(2090382,1)
(2091767,1)
(2093346,1)
(2095435,1)
(2096214,1)
(2096279,1)
(2096618,1)
(2098606,1)
(2098868,1)
(2099141,1)
(2099265,1)
(2100111,1)
(2101173,1)
(2102262,1)
(2102575,1)
(2103776,1)
(2103981,1)
(2105326,1)
(2105327,1)
(2105329,1)
(2105330,1)
(2105331,1)
(2105332,1)
(2105333,1)
(2105334,1)
(2105335,1)
(2105336,1)
(2105337,1)
(2105338,1)
(2105339,1)
(2105340,1)
(2105341,1)
(2105343,1)
(2105344,1)
(2105345,1)
(2105346,1)
(2105348,1)
(2105349,1)
(2105350,1)
(2105351,1)
(2105352,1)
(2105353,1)
(2105354,1)
(2105355,1)
(2105356,1)
(2105357,1)
(2105358,1)
(2105359,1)
(2105360,1)
(2105361,1)
(2105362,1)
(2105363,1)
(2105364,1)
(2105365,1)
(2105366,1)
(2105367,1)
(2105368,1)
(2105369,1)
(2105370,1)
(2105373,1)
(2105374,1)
(2105376,1)
(2105377,1)
(2105378,1)
(2105379,1)
(2105380,1)
(2105381,1)
(2105382,1)
(2105383,1)
(2105384,1)
(2105385,1)
(2105386,1)
(2105387,1)
(2105388,1)
(2105389,1)
(2105390,1)
(2105391,1)
(2105392,1)
(2105393,1)
(2105394,1)
(2105395,1)
(2105396,1)
(2105397,1)
(2105398,1)
(2105399,1)
(2105400,1)
(2105401,1)
(2105402,1)
(2105403,1)
(2105404,1)
(2105406,1)
(2105407,1)
(2105409,1)
(2105410,1)
(2105411,1)
(2105412,1)
(2105413,1)
(2105414,1)
(2105415,1)
(2105416,1)
(2105417,1)
(2105418,1)
(2105420,1)
(2105421,1)
(2105423,1)
(2105424,1)
(2105425,1)
(2105426,1)
(2105427,1)
(2105428,1)
(2105429,1)
(2105430,1)
(2105434,1)
(2105435,1)
(2105436,1)
(2105437,1)
(2105438,1)
(2105439,1)
(2105440,1)
(2105441,1)
(2105448,1)
(2105450,1)
(2105451,1)
(2105452,1)
(2105453,1)
(2105454,1)
(2105455,1)
(2105457,1)
(2105458,1)
(2105462,1)
(2105463,1)
(2105464,1)
(2105465,1)
(2105466,1)
(2105467,1)
(2105468,1)
(2105469,1)
(2105470,1)
(2105471,1)
(2105472,1)
(2105473,1)
(2105474,1)
(2105475,1)
(2105476,1)
(2105477,1)
(2105479,1)
(2105480,1)
(2105481,1)
(2105482,1)
(2105483,1)
(2105484,1)
(2105485,1)
(2105486,1)
(2105487,1)
(2105488,1)
(2105489,1)
(2105490,1)
(2105491,1)
(2105492,1)
(2105493,1)
(2105494,1)
(2105495,1)
(2105496,1)
(2105498,1)
(2105499,1)
(2105500,1)
(2105501,1)
(2105502,1)
(2105503,1)
(2105504,1)
(2105505,1)
(2105506,1)
(2105507,1)
(2105509,1)
(2105510,1)
(2105511,1)
(2105512,1)
(2105513,1)
(2105514,1)
(2105515,1)
(2105516,1)
(2105517,1)
(2105518,1)
(2105519,1)
(2105521,1)
(2105522,1)
(2105523,1)
(2105524,1)
(2105525,1)
(2105527,1)
(2105528,1)
(2105529,1)
(2105530,1)
(2105531,1)
(2105532,1)
(2105533,1)
(2105534,1)
(2105535,1)
(2105536,1)
(2105537,1)
(2105538,1)
(2105539,1)
(2105540,1)
(2105541,1)
(2105542,1)
(2105543,1)
(2105544,1)
(2105545,1)
(2105546,1)
(2105547,1)
(2105548,1)
(2105549,1)
(2105550,1)
(2105551,1)
(2105552,1)
(2105554,1)
(2105555,1)
(2105556,1)
(2105557,1)
(2105558,1)
(2105559,1)
(2105560,1)
(2105561,1)
(2105562,1)
(2105563,1)
(2105564,1)
(2105565,1)
(2105566,1)
(2105567,1)
(2105568,1)
(2105569,1)
(2105570,1)
(2105571,1)
(2105572,1)
(2105573,1)
(2105574,1)
(2105575,1)
(2105576,1)
(2105577,1)
(2105578,1)
(2105579,1)
(2105580,1)
(2105581,1)
(2105582,1)
(2105583,1)
(2105584,1)
(2105585,1)
(2105586,1)
(2105587,1)
(2105588,1)
(2105589,1)
(2105590,1)
(2105591,1)
(2105592,1)
(2105593,1)
(2105594,1)
(2105595,1)
(2105597,1)
(2105598,1)
(2105599,1)
(2105600,1)
(2105601,1)
(2105602,1)
(2105603,1)
(2105605,1)
(2105607,1)
(2105608,1)
(2105609,1)
(2105610,1)
(2105611,1)
(2105612,1)
(2105616,1)
(2105618,1)
(2105620,1)
(2105621,1)
(2105622,1)
(2105623,1)
(2105624,1)
(2105625,1)
(2105626,1)
(2105627,1)
(2105628,1)
(2105629,1)
(2105630,1)
(2105631,1)
(2105632,1)
(2105633,1)
(2105634,1)
(2105635,1)
(2105636,1)
(2105637,1)
(2105638,1)
(2105639,1)
(2105640,1)
(2105641,1)
(2105642,1)
(2105643,1)
(2105644,1)
(2105645,1)
(2105646,1)
(2105647,1)
(2105648,1)
(2105649,1)
(2105650,1)
(2105651,1)
(2105652,1)
(2105653,1)
(2105654,1)
(2105655,1)
(2105656,1)
(2105657,1)
(2105658,1)
(2105659,1)
(2105660,1)
(2105661,1)
(2105662,1)
(2105663,1)
(2105664,1)
(2105665,1)
(2105666,1)
(2105667,1)
(2105668,1)
(2105669,1)
(2105670,1)
(2105671,1)
(2105672,1)
(2105673,1)
(2105674,1)
(2105675,1)
(2105676,1)
(2105677,1)
(2105678,1)
(2105680,1)
(2105681,1)
(2105682,1)
(2105685,1)
(2105687,1)
(2105688,1)
(2105689,1)
(2105690,1)
(2105691,1)
(2105693,1)
(2105694,1)
(2105695,1)
(2105696,1)
(2105698,1)
(2105700,1)
(2105701,1)
(2105703,1)
(2105704,1)
(2105705,1)
(2105706,1)
(2105707,1)
(2105708,1)
(2105709,1)
(2105710,1)
(2105711,1)
(2105712,1)
(2105713,1)
(2105714,1)
(2105715,1)
(2105716,1)
(2105717,1)
(2105718,1)
(2105719,1)
(2105720,1)
(2105721,1)
(2105722,1)
(2105723,1)
(2105725,1)
(2105726,1)
(2105727,1)
(2105728,1)
(2105729,1)
(2105730,1)
(2105731,1)
(2105732,1)
(2105734,1)
(2105735,1)
(2105737,1)
(2105738,1)
(2105742,1)
(2105743,1)
(2105744,1)
(2105745,1)
(2105747,1)
(2105748,1)
(2105749,1)
(2105750,1)
(2105751,1)
(2105752,1)
(2105753,1)
(2105754,1)
(2105755,1)
(2105756,1)
(2105757,1)
(2105758,1)
(2105759,1)
(2105760,1)
(2105761,1)
(2105764,1)
(2105765,1)
(2105766,1)
(2105767,1)
(2105768,1)
(2105769,1)
(2105770,1)
(2105771,1)
(2105772,1)
(2105773,1)
(2105774,1)
(2105775,1)
(2105777,1)
(2105778,1)
(2105779,1)
(2105780,1)
(2105781,1)
(2105782,1)
(2105783,1)
(2105784,1)
(2105785,1)
(2105786,1)
(2105787,1)
(2105788,1)
(2105789,1)
(2105791,1)
(2105793,1)
(2112936,1)
(2115602,1)
(2115608,1)
(2115796,1)
(2116025,1)
(2117617,1)
(2117779,1)
(2118604,1)
(2119061,1)
(2120151,1)
(2120480,1)
(2120677,1)
(2121138,1)
(2121413,1)
(2121562,1)
(2121652,1)
(2122019,1)
(2126646,1)
(2126685,1)
(2127567,1)
(2127820,1)
(2131319,1)
(2131510,1)
(2131593,1)
(2133768,1)
(2134074,1)
(2134156,1)
(2137898,1)
(2137961,1)
(2139143,1)
(2139632,1)
(2143723,1)
(2146281,1)
(2150695,1)
(2151498,1)
(2152168,1)
(2153393,1)
(2153718,1)
(2156115,1)
(2157871,1)
(2158259,1)
(2158985,1)
(2160127,1)
(2161454,1)
(2161566,1)
(2163190,1)
(2163868,1)
(2163905,1)
(2165886,1)
(2166330,1)
(2167067,1)
(2167615,1)
(2169800,1)
(2170332,1)
(2172062,1)
(2172762,1)
(2173102,1)
(2173755,1)
(2176248,1)
(2176514,1)
(2178298,1)
(2178435,1)
(2179325,1)
(2179645,1)
(2179726,1)
(2179876,1)
(2179887,1)
(2181552,1)
(2181660,1)
(2181774,1)
(2183059,1)
(2183354,1)
(2183612,1)
(2184157,1)
(2184236,1)
(2184286,1)
(2184295,1)
(2184425,1)
(2184473,1)
(2185145,1)
(2185209,1)
(2185527,1)
(2185830,1)
(2187515,1)
(2188303,1)
(2190012,1)
(2191024,1)
(2192491,1)
(2195260,1)
(2196146,1)
(2197154,1)
(2197524,1)
(2198243,1)
(2198851,1)
(2200029,1)
(2200686,1)
(2202360,1)
(2204273,1)
(2205442,1)
(2205997,1)
(2206198,1)
(2206442,1)
(2206687,1)
(2208055,1)
(2208170,1)
(2208950,1)
(2209159,1)
(2212920,1)
(2214415,1)
(2214638,1)
(2215127,1)
(2215215,1)
(2215395,1)
(2217379,1)
(2218292,1)
(2222954,1)
(2223839,1)
(2224167,1)
(2224587,1)
(2225474,1)
(2226828,1)
(2227995,1)
(2228153,1)
(2228789,1)
(2229373,1)
(2229459,1)
(2229516,1)
(2229827,1)
(2230052,1)
(2231733,1)
(2233032,1)
(2233715,1)
(2234485,1)
(2235401,1)
(2237658,1)
(2238941,1)
(2239689,1)
(2241424,1)
(2242314,1)
(2243076,1)
(2243283,1)
(2243484,1)
(2243563,1)
(2243757,1)
(2243803,1)
(2245126,1)
(2246873,1)
(2247165,1)
(2247256,1)
(2247564,1)
(2247909,1)
(2248090,1)
(2250543,1)
(2251153,1)
(2251706,1)
(2252678,1)
(2254154,1)
(2254324,1)
(2254653,1)
(2255421,1)
(2255480,1)
(2258806,1)
(2260782,1)
(2260864,1)
(2260868,1)
(2261163,1)
(2261352,1)
(2261460,1)
(2261563,1)
(2261586,1)
(2262157,1)
(2262250,1)
(2262379,1)
(2262592,1)
(2262920,1)
(2263018,1)
(2263109,1)
(2263135,1)
(2263165,1)
(2263362,1)
(2263467,1)
(2263615,1)
(2263934,1)
(2263991,1)
(2265067,1)
(2266115,1)
(2266234,1)
(2268114,1)
(2268336,1)
(2270216,1)
(2270361,1)
(2270500,1)
(2270562,1)
(2270598,1)
(2271982,1)
(2274594,1)
(2275262,1)
(2275444,1)
(2276801,1)
(2277040,1)
(2277135,1)
(2277666,1)
(2278281,1)
(2279525,1)
(2280082,1)
(2281274,1)
(2282732,1)
(2284178,1)
(2284689,1)
(2287260,1)
(2288987,1)
(2292374,1)
(2293201,1)
(2293423,1)
(2295293,1)
(2297152,1)
(2297609,1)
(2297987,1)
(2298174,1)
(2298371,1)
(2298669,1)
(2299568,1)
(2300325,1)
(2300798,1)
(2301040,1)
(2303328,1)
(2303329,1)
(2303333,1)
(2305768,1)
(2308915,1)
(2309042,1)
(2310304,1)
(2310381,1)
(2310905,1)
(2314251,1)
(2314530,1)
(2314691,1)
(2316290,1)
(2316740,1)
(2319327,1)
(2319943,1)
(2321396,1)
(2322357,1)
(2322554,1)
(2325067,1)
(2325437,1)
(2326675,1)
(2327543,1)
(2329285,1)
(2330290,1)
(2335866,1)
(2335869,1)
(2335870,1)
(2335872,1)
(2335873,1)
(2335874,1)
(2335875,1)
(2335876,1)
(2335877,1)
(2335878,1)
(2335923,1)
(2338682,1)
(2338974,1)
(2339549,1)
(2341137,1)
(2341306,1)
(2341417,1)
(2342020,1)
(2343890,1)
(2344968,1)
(2345718,1)
(2346328,1)
(2346969,1)
(2348109,1)
(2348745,1)
(2352006,1)
(2352253,1)
(2352560,1)
(2352605,1)
(2355368,1)
(2355950,1)
(2356535,1)
(2363466,1)
(2364251,1)
(2364807,1)
(2364814,1)
(2364816,1)
(2364835,1)
(2367219,1)
(2371893,1)
(2372139,1)
(2373006,1)
(2373482,1)
(2374254,1)
(2377105,1)
(2379265,1)
(2381143,1)
(2381467,1)
(2382565,1)
(2383396,1)
(2383622,1)
(2384327,1)
(2386203,1)
(2386675,1)
(2386773,1)
(2387035,1)
(2388422,1)
(2388663,1)
(2391014,1)
(2393452,1)
(2394318,1)
(2395328,1)
(2395829,1)
(2396036,1)
(2398036,1)
(2401335,1)
(2401968,1)
(2404265,1)
(2404454,1)
(2404502,1)
(2407209,1)
(2410643,1)
(2411320,1)
(2412138,1)
(2412489,1)
(2413512,1)
(2414288,1)
(2416656,1)
(2417022,1)
(2418954,1)
(2420111,1)
(2420500,1)
(2420902,1)
(2420991,1)
(2421047,1)
